1.000000e+00 	 5.697645e+02 	 5.697645e+02 	 2.199616e-07 	 3.800054e-01
2.000000e+00 	 1.432741e+02 	 1.432741e+02 	 2.199586e-07 	 3.800002e-01
3.000000e+00 	 6.429441e+01 	 6.429441e+01 	 2.199585e-07 	 3.799999e-01
4.000000e+00 	 3.665152e+01 	 3.665152e+01 	 2.199584e-07 	 3.799998e-01
5.000000e+00 	 2.385681e+01 	 2.385681e+01 	 2.199584e-07 	 3.799999e-01
6.000000e+00 	 1.690659e+01 	 1.690659e+01 	 2.199585e-07 	 3.800000e-01
7.000000e+00 	 1.271583e+01 	 1.271583e+01 	 2.199585e-07 	 3.800000e-01
8.000000e+00 	 9.995868e+00 	 9.995869e+00 	 2.199585e-07 	 3.800000e-01
9.000000e+00 	 8.131070e+00 	 8.131070e+00 	 2.199584e-07 	 3.799999e-01
1.000000e+01 	 6.797191e+00 	 6.797191e+00 	 2.199585e-07 	 3.800000e-01
1.100000e+01 	 5.810271e+00 	 5.810271e+00 	 2.199585e-07 	 3.800000e-01
1.200000e+01 	 5.059637e+00 	 5.059637e+00 	 2.199585e-07 	 3.800000e-01
1.300000e+01 	 4.475468e+00 	 4.475468e+00 	 2.199585e-07 	 3.800000e-01
1.400000e+01 	 4.011947e+00 	 4.011947e+00 	 2.199585e-07 	 3.800000e-01
1.500000e+01 	 3.638002e+00 	 3.638003e+00 	 2.199584e-07 	 3.799999e-01
1.600000e+01 	 3.331956e+00 	 3.331956e+00 	 2.199585e-07 	 3.800000e-01
1.700000e+01 	 3.078312e+00 	 3.078313e+00 	 2.199585e-07 	 3.800000e-01
1.800000e+01 	 2.865756e+00 	 2.865757e+00 	 2.199585e-07 	 3.800000e-01
1.900000e+01 	 2.685870e+00 	 2.685871e+00 	 2.199584e-07 	 3.799999e-01
2.000000e+01 	 2.532287e+00 	 2.532287e+00 	 2.199585e-07 	 3.800000e-01
2.100000e+01 	 2.400116e+00 	 2.400117e+00 	 2.199585e-07 	 3.800000e-01
2.200000e+01 	 2.285557e+00 	 2.285557e+00 	 2.199586e-07 	 3.800001e-01
2.300000e+01 	 2.185612e+00 	 2.185612e+00 	 2.199584e-07 	 3.799999e-01
2.400000e+01 	 2.097898e+00 	 2.097898e+00 	 2.199585e-07 	 3.800000e-01
2.500000e+01 	 2.020498e+00 	 2.020498e+00 	 2.199585e-07 	 3.800001e-01
2.600000e+01 	 1.951856e+00 	 1.951856e+00 	 2.199585e-07 	 3.800001e-01
2.700000e+01 	 1.890698e+00 	 1.890699e+00 	 2.199585e-07 	 3.800000e-01
2.800000e+01 	 1.835976e+00 	 1.835976e+00 	 2.199585e-07 	 3.800000e-01
2.900000e+01 	 1.786816e+00 	 1.786816e+00 	 2.199585e-07 	 3.800000e-01
3.000000e+01 	 1.742490e+00 	 1.742490e+00 	 2.199586e-07 	 3.800002e-01
