0.000000e+00 	 1.718736e+00 	 1.740729e+00 	 2.199244e-02 	 3.799411e-01
1.000000e+01 	 1.718736e+00 	 1.740729e+00 	 2.199363e-02 	 3.799616e-01
2.000000e+01 	 1.718735e+00 	 1.740730e+00 	 2.199464e-02 	 3.799792e-01
3.000000e+01 	 1.718735e+00 	 1.740730e+00 	 2.199536e-02 	 3.799915e-01
4.000000e+01 	 1.718735e+00 	 1.740730e+00 	 2.199569e-02 	 3.799973e-01
5.000000e+01 	 1.718735e+00 	 1.740730e+00 	 2.199560e-02 	 3.799957e-01
6.000000e+01 	 1.718735e+00 	 1.740730e+00 	 2.199509e-02 	 3.799870e-01
7.000000e+01 	 1.718736e+00 	 1.740730e+00 	 2.199424e-02 	 3.799722e-01
8.000000e+01 	 1.718736e+00 	 1.740729e+00 	 2.199313e-02 	 3.799531e-01
9.000000e+01 	 1.718737e+00 	 1.740729e+00 	 2.199191e-02 	 3.799319e-01
1.000000e+02 	 1.718737e+00 	 1.740728e+00 	 2.199072e-02 	 3.799114e-01
1.100000e+02 	 1.718738e+00 	 1.740727e+00 	 2.198970e-02 	 3.798939e-01
1.200000e+02 	 1.718738e+00 	 1.740727e+00 	 2.198899e-02 	 3.798815e-01
1.300000e+02 	 1.718738e+00 	 1.740727e+00 	 2.198866e-02 	 3.798757e-01
1.400000e+02 	 1.718738e+00 	 1.740727e+00 	 2.198875e-02 	 3.798773e-01
1.500000e+02 	 1.718738e+00 	 1.740727e+00 	 2.198925e-02 	 3.798861e-01
1.600000e+02 	 1.718738e+00 	 1.740728e+00 	 2.199011e-02 	 3.799009e-01
1.700000e+02 	 1.718737e+00 	 1.740728e+00 	 2.199122e-02 	 3.799200e-01
0.000000e+00 	 1.718737e+00 	 1.740730e+00 	 2.199277e-02 	 3.799469e-01
1.000000e+01 	 1.718737e+00 	 1.740730e+00 	 2.199384e-02 	 3.799653e-01
2.000000e+01 	 1.718736e+00 	 1.740731e+00 	 2.199475e-02 	 3.799809e-01
3.000000e+01 	 1.718736e+00 	 1.740731e+00 	 2.199538e-02 	 3.799920e-01
4.000000e+01 	 1.718736e+00 	 1.740731e+00 	 2.199568e-02 	 3.799970e-01
5.000000e+01 	 1.718736e+00 	 1.740731e+00 	 2.199559e-02 	 3.799955e-01
6.000000e+01 	 1.718736e+00 	 1.740731e+00 	 2.199513e-02 	 3.799876e-01
7.000000e+01 	 1.718736e+00 	 1.740731e+00 	 2.199436e-02 	 3.799742e-01
8.000000e+01 	 1.718737e+00 	 1.740730e+00 	 2.199336e-02 	 3.799570e-01
9.000000e+01 	 1.718737e+00 	 1.740730e+00 	 2.199227e-02 	 3.799381e-01
1.000000e+02 	 1.718738e+00 	 1.740729e+00 	 2.199120e-02 	 3.799197e-01
1.100000e+02 	 1.718738e+00 	 1.740729e+00 	 2.199029e-02 	 3.799040e-01
1.200000e+02 	 1.718739e+00 	 1.740728e+00 	 2.198965e-02 	 3.798930e-01
1.300000e+02 	 1.718739e+00 	 1.740728e+00 	 2.198936e-02 	 3.798879e-01
1.400000e+02 	 1.718739e+00 	 1.740728e+00 	 2.198945e-02 	 3.798895e-01
1.500000e+02 	 1.718739e+00 	 1.740728e+00 	 2.198991e-02 	 3.798974e-01
1.600000e+02 	 1.718738e+00 	 1.740729e+00 	 2.199068e-02 	 3.799107e-01
1.700000e+02 	 1.718738e+00 	 1.740729e+00 	 2.199168e-02 	 3.799279e-01
0.000000e+00 	 1.718738e+00 	 1.740731e+00 	 2.199303e-02 	 3.799513e-01
1.000000e+01 	 1.718737e+00 	 1.740731e+00 	 2.199399e-02 	 3.799679e-01
2.000000e+01 	 1.718737e+00 	 1.740732e+00 	 2.199481e-02 	 3.799820e-01
3.000000e+01 	 1.718737e+00 	 1.740732e+00 	 2.199539e-02 	 3.799920e-01
4.000000e+01 	 1.718737e+00 	 1.740732e+00 	 2.199565e-02 	 3.799967e-01
5.000000e+01 	 1.718737e+00 	 1.740732e+00 	 2.199558e-02 	 3.799954e-01
6.000000e+01 	 1.718737e+00 	 1.740732e+00 	 2.199518e-02 	 3.799884e-01
7.000000e+01 	 1.718737e+00 	 1.740732e+00 	 2.199448e-02 	 3.799764e-01
8.000000e+01 	 1.718738e+00 	 1.740731e+00 	 2.199359e-02 	 3.799610e-01
9.000000e+01 	 1.718738e+00 	 1.740731e+00 	 2.199261e-02 	 3.799440e-01
1.000000e+02 	 1.718739e+00 	 1.740730e+00 	 2.199165e-02 	 3.799274e-01
1.100000e+02 	 1.718739e+00 	 1.740730e+00 	 2.199083e-02 	 3.799133e-01
1.200000e+02 	 1.718739e+00 	 1.740729e+00 	 2.199025e-02 	 3.799033e-01
1.300000e+02 	 1.718739e+00 	 1.740729e+00 	 2.198998e-02 	 3.798987e-01
1.400000e+02 	 1.718739e+00 	 1.740729e+00 	 2.199006e-02 	 3.798999e-01
1.500000e+02 	 1.718739e+00 	 1.740730e+00 	 2.199046e-02 	 3.799069e-01
1.600000e+02 	 1.718739e+00 	 1.740730e+00 	 2.199115e-02 	 3.799189e-01
1.700000e+02 	 1.718738e+00 	 1.740730e+00 	 2.199204e-02 	 3.799343e-01
0.000000e+00 	 1.718739e+00 	 1.740733e+00 	 2.199318e-02 	 3.799539e-01
1.000000e+01 	 1.718739e+00 	 1.740733e+00 	 2.199406e-02 	 3.799691e-01
2.000000e+01 	 1.718739e+00 	 1.740733e+00 	 2.199482e-02 	 3.799823e-01
3.000000e+01 	 1.718738e+00 	 1.740734e+00 	 2.199537e-02 	 3.799917e-01
4.000000e+01 	 1.718738e+00 	 1.740734e+00 	 2.199563e-02 	 3.799963e-01
5.000000e+01 	 1.718738e+00 	 1.740734e+00 	 2.199558e-02 	 3.799954e-01
6.000000e+01 	 1.718738e+00 	 1.740734e+00 	 2.199523e-02 	 3.799893e-01
7.000000e+01 	 1.718739e+00 	 1.740733e+00 	 2.199461e-02 	 3.799786e-01
8.000000e+01 	 1.718739e+00 	 1.740733e+00 	 2.199380e-02 	 3.799646e-01
9.000000e+01 	 1.718739e+00 	 1.740732e+00 	 2.199290e-02 	 3.799491e-01
1.000000e+02 	 1.718740e+00 	 1.740732e+00 	 2.199202e-02 	 3.799338e-01
1.100000e+02 	 1.718740e+00 	 1.740732e+00 	 2.199125e-02 	 3.799206e-01
1.200000e+02 	 1.718741e+00 	 1.740731e+00 	 2.199071e-02 	 3.799112e-01
1.300000e+02 	 1.718741e+00 	 1.740731e+00 	 2.199044e-02 	 3.799067e-01
1.400000e+02 	 1.718741e+00 	 1.740731e+00 	 2.199049e-02 	 3.799075e-01
1.500000e+02 	 1.718741e+00 	 1.740731e+00 	 2.199085e-02 	 3.799136e-01
1.600000e+02 	 1.718740e+00 	 1.740732e+00 	 2.199147e-02 	 3.799243e-01
1.700000e+02 	 1.718740e+00 	 1.740732e+00 	 2.199228e-02 	 3.799383e-01
0.000000e+00 	 1.718743e+00 	 1.740736e+00 	 2.199320e-02 	 3.799543e-01
1.000000e+01 	 1.718742e+00 	 1.740736e+00 	 2.199405e-02 	 3.799689e-01
2.000000e+01 	 1.718742e+00 	 1.740737e+00 	 2.199479e-02 	 3.799817e-01
3.000000e+01 	 1.718742e+00 	 1.740737e+00 	 2.199533e-02 	 3.799911e-01
4.000000e+01 	 1.718741e+00 	 1.740737e+00 	 2.199561e-02 	 3.799959e-01
5.000000e+01 	 1.718741e+00 	 1.740737e+00 	 2.199559e-02 	 3.799956e-01
6.000000e+01 	 1.718742e+00 	 1.740737e+00 	 2.199528e-02 	 3.799902e-01
7.000000e+01 	 1.718742e+00 	 1.740737e+00 	 2.199472e-02 	 3.799804e-01
8.000000e+01 	 1.718742e+00 	 1.740736e+00 	 2.199396e-02 	 3.799674e-01
9.000000e+01 	 1.718743e+00 	 1.740736e+00 	 2.199311e-02 	 3.799526e-01
1.000000e+02 	 1.718743e+00 	 1.740735e+00 	 2.199226e-02 	 3.799380e-01
1.100000e+02 	 1.718743e+00 	 1.740735e+00 	 2.199152e-02 	 3.799252e-01
1.200000e+02 	 1.718744e+00 	 1.740735e+00 	 2.199098e-02 	 3.799159e-01
1.300000e+02 	 1.718744e+00 	 1.740735e+00 	 2.199070e-02 	 3.799110e-01
1.400000e+02 	 1.718744e+00 	 1.740735e+00 	 2.199072e-02 	 3.799113e-01
1.500000e+02 	 1.718744e+00 	 1.740735e+00 	 2.199103e-02 	 3.799167e-01
1.600000e+02 	 1.718743e+00 	 1.740735e+00 	 2.199159e-02 	 3.799265e-01
1.700000e+02 	 1.718743e+00 	 1.740735e+00 	 2.199235e-02 	 3.799396e-01
0.000000e+00 	 1.718743e+00 	 1.740736e+00 	 2.199311e-02 	 3.799526e-01
1.000000e+01 	 1.718742e+00 	 1.740736e+00 	 2.199396e-02 	 3.799674e-01
2.000000e+01 	 1.718742e+00 	 1.740737e+00 	 2.199472e-02 	 3.799804e-01
3.000000e+01 	 1.718742e+00 	 1.740737e+00 	 2.199528e-02 	 3.799902e-01
4.000000e+01 	 1.718741e+00 	 1.740737e+00 	 2.199559e-02 	 3.799956e-01
5.000000e+01 	 1.718741e+00 	 1.740737e+00 	 2.199561e-02 	 3.799959e-01
6.000000e+01 	 1.718742e+00 	 1.740737e+00 	 2.199533e-02 	 3.799911e-01
7.000000e+01 	 1.718742e+00 	 1.740737e+00 	 2.199479e-02 	 3.799817e-01
8.000000e+01 	 1.718742e+00 	 1.740736e+00 	 2.199405e-02 	 3.799689e-01
9.000000e+01 	 1.718743e+00 	 1.740736e+00 	 2.199320e-02 	 3.799543e-01
1.000000e+02 	 1.718743e+00 	 1.740735e+00 	 2.199235e-02 	 3.799396e-01
1.100000e+02 	 1.718743e+00 	 1.740735e+00 	 2.199159e-02 	 3.799265e-01
1.200000e+02 	 1.718744e+00 	 1.740735e+00 	 2.199103e-02 	 3.799167e-01
1.300000e+02 	 1.718744e+00 	 1.740735e+00 	 2.199072e-02 	 3.799113e-01
1.400000e+02 	 1.718744e+00 	 1.740735e+00 	 2.199070e-02 	 3.799110e-01
1.500000e+02 	 1.718744e+00 	 1.740735e+00 	 2.199098e-02 	 3.799159e-01
1.600000e+02 	 1.718743e+00 	 1.740735e+00 	 2.199152e-02 	 3.799252e-01
1.700000e+02 	 1.718743e+00 	 1.740735e+00 	 2.199226e-02 	 3.799380e-01
0.000000e+00 	 1.718739e+00 	 1.740732e+00 	 2.199290e-02 	 3.799491e-01
1.000000e+01 	 1.718739e+00 	 1.740733e+00 	 2.199380e-02 	 3.799646e-01
2.000000e+01 	 1.718739e+00 	 1.740733e+00 	 2.199461e-02 	 3.799786e-01
3.000000e+01 	 1.718738e+00 	 1.740734e+00 	 2.199523e-02 	 3.799893e-01
4.000000e+01 	 1.718738e+00 	 1.740734e+00 	 2.199558e-02 	 3.799954e-01
5.000000e+01 	 1.718738e+00 	 1.740734e+00 	 2.199563e-02 	 3.799963e-01
6.000000e+01 	 1.718738e+00 	 1.740734e+00 	 2.199537e-02 	 3.799917e-01
7.000000e+01 	 1.718739e+00 	 1.740733e+00 	 2.199482e-02 	 3.799823e-01
8.000000e+01 	 1.718739e+00 	 1.740733e+00 	 2.199406e-02 	 3.799691e-01
9.000000e+01 	 1.718739e+00 	 1.740733e+00 	 2.199318e-02 	 3.799539e-01
1.000000e+02 	 1.718740e+00 	 1.740732e+00 	 2.199228e-02 	 3.799383e-01
1.100000e+02 	 1.718740e+00 	 1.740732e+00 	 2.199147e-02 	 3.799243e-01
1.200000e+02 	 1.718741e+00 	 1.740731e+00 	 2.199085e-02 	 3.799136e-01
1.300000e+02 	 1.718741e+00 	 1.740731e+00 	 2.199049e-02 	 3.799075e-01
1.400000e+02 	 1.718741e+00 	 1.740731e+00 	 2.199044e-02 	 3.799067e-01
1.500000e+02 	 1.718741e+00 	 1.740731e+00 	 2.199071e-02 	 3.799112e-01
1.600000e+02 	 1.718740e+00 	 1.740732e+00 	 2.199125e-02 	 3.799206e-01
1.700000e+02 	 1.718740e+00 	 1.740732e+00 	 2.199202e-02 	 3.799338e-01
0.000000e+00 	 1.718738e+00 	 1.740731e+00 	 2.199261e-02 	 3.799440e-01
1.000000e+01 	 1.718738e+00 	 1.740731e+00 	 2.199359e-02 	 3.799610e-01
2.000000e+01 	 1.718737e+00 	 1.740732e+00 	 2.199448e-02 	 3.799764e-01
3.000000e+01 	 1.718737e+00 	 1.740732e+00 	 2.199518e-02 	 3.799884e-01
4.000000e+01 	 1.718737e+00 	 1.740732e+00 	 2.199558e-02 	 3.799954e-01
5.000000e+01 	 1.718737e+00 	 1.740732e+00 	 2.199565e-02 	 3.799967e-01
6.000000e+01 	 1.718737e+00 	 1.740732e+00 	 2.199539e-02 	 3.799920e-01
7.000000e+01 	 1.718737e+00 	 1.740732e+00 	 2.199481e-02 	 3.799820e-01
8.000000e+01 	 1.718737e+00 	 1.740731e+00 	 2.199399e-02 	 3.799679e-01
9.000000e+01 	 1.718738e+00 	 1.740731e+00 	 2.199303e-02 	 3.799513e-01
1.000000e+02 	 1.718738e+00 	 1.740730e+00 	 2.199204e-02 	 3.799343e-01
1.100000e+02 	 1.718739e+00 	 1.740730e+00 	 2.199115e-02 	 3.799189e-01
1.200000e+02 	 1.718739e+00 	 1.740730e+00 	 2.199046e-02 	 3.799069e-01
1.300000e+02 	 1.718739e+00 	 1.740729e+00 	 2.199006e-02 	 3.798999e-01
1.400000e+02 	 1.718739e+00 	 1.740729e+00 	 2.198998e-02 	 3.798987e-01
1.500000e+02 	 1.718739e+00 	 1.740729e+00 	 2.199025e-02 	 3.799033e-01
1.600000e+02 	 1.718739e+00 	 1.740730e+00 	 2.199083e-02 	 3.799133e-01
1.700000e+02 	 1.718739e+00 	 1.740730e+00 	 2.199165e-02 	 3.799274e-01
0.000000e+00 	 1.718737e+00 	 1.740730e+00 	 2.199227e-02 	 3.799381e-01
1.000000e+01 	 1.718737e+00 	 1.740730e+00 	 2.199336e-02 	 3.799570e-01
2.000000e+01 	 1.718736e+00 	 1.740731e+00 	 2.199436e-02 	 3.799742e-01
3.000000e+01 	 1.718736e+00 	 1.740731e+00 	 2.199513e-02 	 3.799876e-01
4.000000e+01 	 1.718736e+00 	 1.740731e+00 	 2.199559e-02 	 3.799955e-01
5.000000e+01 	 1.718736e+00 	 1.740731e+00 	 2.199568e-02 	 3.799970e-01
6.000000e+01 	 1.718736e+00 	 1.740731e+00 	 2.199538e-02 	 3.799920e-01
7.000000e+01 	 1.718736e+00 	 1.740731e+00 	 2.199475e-02 	 3.799809e-01
8.000000e+01 	 1.718737e+00 	 1.740730e+00 	 2.199384e-02 	 3.799653e-01
9.000000e+01 	 1.718737e+00 	 1.740730e+00 	 2.199277e-02 	 3.799469e-01
1.000000e+02 	 1.718738e+00 	 1.740729e+00 	 2.199168e-02 	 3.799279e-01
1.100000e+02 	 1.718738e+00 	 1.740729e+00 	 2.199068e-02 	 3.799107e-01
1.200000e+02 	 1.718739e+00 	 1.740728e+00 	 2.198991e-02 	 3.798974e-01
1.300000e+02 	 1.718739e+00 	 1.740728e+00 	 2.198945e-02 	 3.798895e-01
1.400000e+02 	 1.718739e+00 	 1.740728e+00 	 2.198936e-02 	 3.798879e-01
1.500000e+02 	 1.718739e+00 	 1.740728e+00 	 2.198965e-02 	 3.798930e-01
1.600000e+02 	 1.718738e+00 	 1.740729e+00 	 2.199029e-02 	 3.799040e-01
1.700000e+02 	 1.718738e+00 	 1.740729e+00 	 2.199120e-02 	 3.799197e-01
0.000000e+00 	 1.718737e+00 	 1.740729e+00 	 2.199191e-02 	 3.799319e-01
1.000000e+01 	 1.718736e+00 	 1.740729e+00 	 2.199313e-02 	 3.799531e-01
2.000000e+01 	 1.718736e+00 	 1.740730e+00 	 2.199424e-02 	 3.799722e-01
3.000000e+01 	 1.718735e+00 	 1.740730e+00 	 2.199509e-02 	 3.799870e-01
4.000000e+01 	 1.718735e+00 	 1.740730e+00 	 2.199560e-02 	 3.799957e-01
5.000000e+01 	 1.718735e+00 	 1.740730e+00 	 2.199569e-02 	 3.799973e-01
6.000000e+01 	 1.718735e+00 	 1.740730e+00 	 2.199536e-02 	 3.799915e-01
7.000000e+01 	 1.718735e+00 	 1.740730e+00 	 2.199464e-02 	 3.799792e-01
8.000000e+01 	 1.718736e+00 	 1.740729e+00 	 2.199363e-02 	 3.799616e-01
9.000000e+01 	 1.718736e+00 	 1.740729e+00 	 2.199244e-02 	 3.799411e-01
1.000000e+02 	 1.718737e+00 	 1.740728e+00 	 2.199122e-02 	 3.799200e-01
1.100000e+02 	 1.718738e+00 	 1.740728e+00 	 2.199011e-02 	 3.799009e-01
1.200000e+02 	 1.718738e+00 	 1.740727e+00 	 2.198925e-02 	 3.798861e-01
1.300000e+02 	 1.718738e+00 	 1.740727e+00 	 2.198875e-02 	 3.798773e-01
1.400000e+02 	 1.718738e+00 	 1.740727e+00 	 2.198866e-02 	 3.798757e-01
1.500000e+02 	 1.718738e+00 	 1.740727e+00 	 2.198899e-02 	 3.798815e-01
1.600000e+02 	 1.718738e+00 	 1.740727e+00 	 2.198970e-02 	 3.798939e-01
1.700000e+02 	 1.718737e+00 	 1.740728e+00 	 2.199072e-02 	 3.799114e-01
0.000000e+00 	 1.718736e+00 	 1.740727e+00 	 2.199158e-02 	 3.799263e-01
1.000000e+01 	 1.718735e+00 	 1.740728e+00 	 2.199293e-02 	 3.799495e-01
2.000000e+01 	 1.718735e+00 	 1.740729e+00 	 2.199414e-02 	 3.799705e-01
3.000000e+01 	 1.718734e+00 	 1.740729e+00 	 2.199507e-02 	 3.799866e-01
4.000000e+01 	 1.718734e+00 	 1.740730e+00 	 2.199562e-02 	 3.799960e-01
5.000000e+01 	 1.718734e+00 	 1.740730e+00 	 2.199570e-02 	 3.799974e-01
6.000000e+01 	 1.718734e+00 	 1.740729e+00 	 2.199532e-02 	 3.799908e-01
7.000000e+01 	 1.718734e+00 	 1.740729e+00 	 2.199451e-02 	 3.799769e-01
8.000000e+01 	 1.718735e+00 	 1.740728e+00 	 2.199338e-02 	 3.799574e-01
9.000000e+01 	 1.718736e+00 	 1.740728e+00 	 2.199207e-02 	 3.799347e-01
1.000000e+02 	 1.718736e+00 	 1.740727e+00 	 2.199072e-02 	 3.799114e-01
1.100000e+02 	 1.718737e+00 	 1.740726e+00 	 2.198951e-02 	 3.798905e-01
1.200000e+02 	 1.718737e+00 	 1.740726e+00 	 2.198857e-02 	 3.798743e-01
1.300000e+02 	 1.718738e+00 	 1.740726e+00 	 2.198803e-02 	 3.798650e-01
1.400000e+02 	 1.718738e+00 	 1.740726e+00 	 2.198795e-02 	 3.798635e-01
1.500000e+02 	 1.718737e+00 	 1.740726e+00 	 2.198833e-02 	 3.798701e-01
1.600000e+02 	 1.718737e+00 	 1.740726e+00 	 2.198913e-02 	 3.798840e-01
1.700000e+02 	 1.718737e+00 	 1.740727e+00 	 2.199026e-02 	 3.799035e-01
0.000000e+00 	 1.718735e+00 	 1.740727e+00 	 2.199132e-02 	 3.799217e-01
1.000000e+01 	 1.718735e+00 	 1.740727e+00 	 2.199277e-02 	 3.799468e-01
2.000000e+01 	 1.718734e+00 	 1.740728e+00 	 2.199407e-02 	 3.799694e-01
3.000000e+01 	 1.718733e+00 	 1.740728e+00 	 2.199507e-02 	 3.799865e-01
4.000000e+01 	 1.718733e+00 	 1.740729e+00 	 2.199563e-02 	 3.799963e-01
5.000000e+01 	 1.718733e+00 	 1.740729e+00 	 2.199570e-02 	 3.799975e-01
6.000000e+01 	 1.718733e+00 	 1.740729e+00 	 2.199526e-02 	 3.799899e-01
7.000000e+01 	 1.718734e+00 	 1.740728e+00 	 2.199437e-02 	 3.799745e-01
8.000000e+01 	 1.718734e+00 	 1.740727e+00 	 2.199314e-02 	 3.799532e-01
9.000000e+01 	 1.718735e+00 	 1.740727e+00 	 2.199171e-02 	 3.799285e-01
1.000000e+02 	 1.718736e+00 	 1.740726e+00 	 2.199025e-02 	 3.799033e-01
1.100000e+02 	 1.718736e+00 	 1.740725e+00 	 2.198895e-02 	 3.798808e-01
1.200000e+02 	 1.718737e+00 	 1.740725e+00 	 2.198795e-02 	 3.798636e-01
1.300000e+02 	 1.718737e+00 	 1.740725e+00 	 2.198739e-02 	 3.798539e-01
1.400000e+02 	 1.718737e+00 	 1.740725e+00 	 2.198732e-02 	 3.798527e-01
1.500000e+02 	 1.718737e+00 	 1.740725e+00 	 2.198776e-02 	 3.798602e-01
1.600000e+02 	 1.718737e+00 	 1.740725e+00 	 2.198865e-02 	 3.798756e-01
1.700000e+02 	 1.718736e+00 	 1.740726e+00 	 2.198988e-02 	 3.798970e-01
0.000000e+00 	 1.718736e+00 	 1.740727e+00 	 2.199115e-02 	 3.799189e-01
1.000000e+01 	 1.718735e+00 	 1.740728e+00 	 2.199269e-02 	 3.799454e-01
2.000000e+01 	 1.718734e+00 	 1.740728e+00 	 2.199405e-02 	 3.799690e-01
3.000000e+01 	 1.718734e+00 	 1.740729e+00 	 2.199508e-02 	 3.799867e-01
4.000000e+01 	 1.718733e+00 	 1.740729e+00 	 2.199565e-02 	 3.799966e-01
5.000000e+01 	 1.718733e+00 	 1.740729e+00 	 2.199570e-02 	 3.799974e-01
6.000000e+01 	 1.718734e+00 	 1.740729e+00 	 2.199521e-02 	 3.799889e-01
7.000000e+01 	 1.718734e+00 	 1.740728e+00 	 2.199424e-02 	 3.799723e-01
8.000000e+01 	 1.718735e+00 	 1.740728e+00 	 2.199292e-02 	 3.799495e-01
9.000000e+01 	 1.718736e+00 	 1.740727e+00 	 2.199140e-02 	 3.799232e-01
1.000000e+02 	 1.718736e+00 	 1.740726e+00 	 2.198987e-02 	 3.798967e-01
1.100000e+02 	 1.718737e+00 	 1.740725e+00 	 2.198850e-02 	 3.798731e-01
1.200000e+02 	 1.718737e+00 	 1.740725e+00 	 2.198747e-02 	 3.798553e-01
1.300000e+02 	 1.718738e+00 	 1.740725e+00 	 2.198690e-02 	 3.798455e-01
1.400000e+02 	 1.718738e+00 	 1.740725e+00 	 2.198686e-02 	 3.798447e-01
1.500000e+02 	 1.718738e+00 	 1.740725e+00 	 2.198735e-02 	 3.798532e-01
1.600000e+02 	 1.718737e+00 	 1.740725e+00 	 2.198831e-02 	 3.798698e-01
1.700000e+02 	 1.718736e+00 	 1.740726e+00 	 2.198963e-02 	 3.798926e-01
0.000000e+00 	 1.718738e+00 	 1.740729e+00 	 2.199111e-02 	 3.799181e-01
1.000000e+01 	 1.718738e+00 	 1.740730e+00 	 2.199268e-02 	 3.799453e-01
2.000000e+01 	 1.718737e+00 	 1.740731e+00 	 2.199407e-02 	 3.799693e-01
3.000000e+01 	 1.718736e+00 	 1.740731e+00 	 2.199511e-02 	 3.799872e-01
4.000000e+01 	 1.718736e+00 	 1.740732e+00 	 2.199567e-02 	 3.799969e-01
5.000000e+01 	 1.718736e+00 	 1.740732e+00 	 2.199568e-02 	 3.799972e-01
6.000000e+01 	 1.718736e+00 	 1.740732e+00 	 2.199515e-02 	 3.799880e-01
7.000000e+01 	 1.718737e+00 	 1.740731e+00 	 2.199414e-02 	 3.799705e-01
8.000000e+01 	 1.718738e+00 	 1.740730e+00 	 2.199276e-02 	 3.799467e-01
9.000000e+01 	 1.718738e+00 	 1.740729e+00 	 2.199120e-02 	 3.799196e-01
1.000000e+02 	 1.718739e+00 	 1.740729e+00 	 2.198962e-02 	 3.798924e-01
1.100000e+02 	 1.718740e+00 	 1.740728e+00 	 2.198823e-02 	 3.798684e-01
1.200000e+02 	 1.718740e+00 	 1.740727e+00 	 2.198719e-02 	 3.798505e-01
1.300000e+02 	 1.718741e+00 	 1.740727e+00 	 2.198663e-02 	 3.798408e-01
1.400000e+02 	 1.718741e+00 	 1.740727e+00 	 2.198662e-02 	 3.798406e-01
1.500000e+02 	 1.718740e+00 	 1.740727e+00 	 2.198715e-02 	 3.798497e-01
1.600000e+02 	 1.718740e+00 	 1.740728e+00 	 2.198817e-02 	 3.798673e-01
1.700000e+02 	 1.718739e+00 	 1.740729e+00 	 2.198954e-02 	 3.798910e-01
0.000000e+00 	 1.718738e+00 	 1.740729e+00 	 2.199120e-02 	 3.799196e-01
1.000000e+01 	 1.718738e+00 	 1.740730e+00 	 2.199276e-02 	 3.799467e-01
2.000000e+01 	 1.718737e+00 	 1.740731e+00 	 2.199414e-02 	 3.799705e-01
3.000000e+01 	 1.718736e+00 	 1.740732e+00 	 2.199515e-02 	 3.799880e-01
4.000000e+01 	 1.718736e+00 	 1.740732e+00 	 2.199568e-02 	 3.799972e-01
5.000000e+01 	 1.718736e+00 	 1.740732e+00 	 2.199567e-02 	 3.799969e-01
6.000000e+01 	 1.718736e+00 	 1.740731e+00 	 2.199511e-02 	 3.799872e-01
7.000000e+01 	 1.718737e+00 	 1.740731e+00 	 2.199407e-02 	 3.799693e-01
8.000000e+01 	 1.718738e+00 	 1.740730e+00 	 2.199268e-02 	 3.799453e-01
9.000000e+01 	 1.718738e+00 	 1.740729e+00 	 2.199111e-02 	 3.799181e-01
1.000000e+02 	 1.718739e+00 	 1.740729e+00 	 2.198954e-02 	 3.798910e-01
1.100000e+02 	 1.718740e+00 	 1.740728e+00 	 2.198817e-02 	 3.798673e-01
1.200000e+02 	 1.718740e+00 	 1.740727e+00 	 2.198715e-02 	 3.798497e-01
1.300000e+02 	 1.718741e+00 	 1.740727e+00 	 2.198662e-02 	 3.798406e-01
1.400000e+02 	 1.718741e+00 	 1.740727e+00 	 2.198663e-02 	 3.798408e-01
1.500000e+02 	 1.718740e+00 	 1.740727e+00 	 2.198719e-02 	 3.798505e-01
1.600000e+02 	 1.718740e+00 	 1.740728e+00 	 2.198823e-02 	 3.798684e-01
1.700000e+02 	 1.718739e+00 	 1.740729e+00 	 2.198962e-02 	 3.798924e-01
0.000000e+00 	 1.718736e+00 	 1.740727e+00 	 2.199140e-02 	 3.799232e-01
1.000000e+01 	 1.718735e+00 	 1.740728e+00 	 2.199292e-02 	 3.799495e-01
2.000000e+01 	 1.718734e+00 	 1.740728e+00 	 2.199424e-02 	 3.799723e-01
3.000000e+01 	 1.718734e+00 	 1.740729e+00 	 2.199521e-02 	 3.799889e-01
4.000000e+01 	 1.718733e+00 	 1.740729e+00 	 2.199570e-02 	 3.799974e-01
5.000000e+01 	 1.718733e+00 	 1.740729e+00 	 2.199565e-02 	 3.799966e-01
6.000000e+01 	 1.718734e+00 	 1.740729e+00 	 2.199508e-02 	 3.799867e-01
7.000000e+01 	 1.718734e+00 	 1.740728e+00 	 2.199405e-02 	 3.799690e-01
8.000000e+01 	 1.718735e+00 	 1.740728e+00 	 2.199269e-02 	 3.799454e-01
9.000000e+01 	 1.718736e+00 	 1.740727e+00 	 2.199115e-02 	 3.799189e-01
1.000000e+02 	 1.718736e+00 	 1.740726e+00 	 2.198963e-02 	 3.798926e-01
1.100000e+02 	 1.718737e+00 	 1.740725e+00 	 2.198831e-02 	 3.798698e-01
1.200000e+02 	 1.718738e+00 	 1.740725e+00 	 2.198735e-02 	 3.798532e-01
1.300000e+02 	 1.718738e+00 	 1.740725e+00 	 2.198686e-02 	 3.798447e-01
1.400000e+02 	 1.718738e+00 	 1.740725e+00 	 2.198690e-02 	 3.798455e-01
1.500000e+02 	 1.718737e+00 	 1.740725e+00 	 2.198747e-02 	 3.798553e-01
1.600000e+02 	 1.718737e+00 	 1.740725e+00 	 2.198850e-02 	 3.798731e-01
1.700000e+02 	 1.718736e+00 	 1.740726e+00 	 2.198987e-02 	 3.798967e-01
0.000000e+00 	 1.718735e+00 	 1.740727e+00 	 2.199171e-02 	 3.799285e-01
1.000000e+01 	 1.718734e+00 	 1.740727e+00 	 2.199314e-02 	 3.799532e-01
2.000000e+01 	 1.718734e+00 	 1.740728e+00 	 2.199437e-02 	 3.799745e-01
3.000000e+01 	 1.718733e+00 	 1.740729e+00 	 2.199526e-02 	 3.799899e-01
4.000000e+01 	 1.718733e+00 	 1.740729e+00 	 2.199570e-02 	 3.799975e-01
5.000000e+01 	 1.718733e+00 	 1.740729e+00 	 2.199563e-02 	 3.799963e-01
6.000000e+01 	 1.718733e+00 	 1.740728e+00 	 2.199507e-02 	 3.799865e-01
7.000000e+01 	 1.718734e+00 	 1.740728e+00 	 2.199407e-02 	 3.799694e-01
8.000000e+01 	 1.718735e+00 	 1.740727e+00 	 2.199277e-02 	 3.799468e-01
9.000000e+01 	 1.718735e+00 	 1.740727e+00 	 2.199132e-02 	 3.799217e-01
1.000000e+02 	 1.718736e+00 	 1.740726e+00 	 2.198988e-02 	 3.798970e-01
1.100000e+02 	 1.718737e+00 	 1.740725e+00 	 2.198865e-02 	 3.798756e-01
1.200000e+02 	 1.718737e+00 	 1.740725e+00 	 2.198776e-02 	 3.798602e-01
1.300000e+02 	 1.718737e+00 	 1.740725e+00 	 2.198732e-02 	 3.798527e-01
1.400000e+02 	 1.718737e+00 	 1.740725e+00 	 2.198739e-02 	 3.798539e-01
1.500000e+02 	 1.718737e+00 	 1.740725e+00 	 2.198795e-02 	 3.798636e-01
1.600000e+02 	 1.718736e+00 	 1.740725e+00 	 2.198895e-02 	 3.798808e-01
1.700000e+02 	 1.718736e+00 	 1.740726e+00 	 2.199025e-02 	 3.799033e-01
0.000000e+00 	 1.718736e+00 	 1.740728e+00 	 2.199207e-02 	 3.799347e-01
1.000000e+01 	 1.718735e+00 	 1.740728e+00 	 2.199338e-02 	 3.799574e-01
2.000000e+01 	 1.718734e+00 	 1.740729e+00 	 2.199451e-02 	 3.799769e-01
3.000000e+01 	 1.718734e+00 	 1.740729e+00 	 2.199532e-02 	 3.799908e-01
4.000000e+01 	 1.718734e+00 	 1.740730e+00 	 2.199570e-02 	 3.799974e-01
5.000000e+01 	 1.718734e+00 	 1.740730e+00 	 2.199562e-02 	 3.799960e-01
6.000000e+01 	 1.718734e+00 	 1.740729e+00 	 2.199507e-02 	 3.799866e-01
7.000000e+01 	 1.718735e+00 	 1.740729e+00 	 2.199414e-02 	 3.799705e-01
8.000000e+01 	 1.718735e+00 	 1.740728e+00 	 2.199293e-02 	 3.799495e-01
9.000000e+01 	 1.718736e+00 	 1.740727e+00 	 2.199158e-02 	 3.799263e-01
1.000000e+02 	 1.718737e+00 	 1.740727e+00 	 2.199026e-02 	 3.799035e-01
1.100000e+02 	 1.718737e+00 	 1.740726e+00 	 2.198913e-02 	 3.798840e-01
1.200000e+02 	 1.718737e+00 	 1.740726e+00 	 2.198833e-02 	 3.798701e-01
1.300000e+02 	 1.718738e+00 	 1.740726e+00 	 2.198795e-02 	 3.798635e-01
1.400000e+02 	 1.718738e+00 	 1.740726e+00 	 2.198803e-02 	 3.798650e-01
1.500000e+02 	 1.718737e+00 	 1.740726e+00 	 2.198857e-02 	 3.798743e-01
1.600000e+02 	 1.718737e+00 	 1.740726e+00 	 2.198951e-02 	 3.798905e-01
1.700000e+02 	 1.718736e+00 	 1.740727e+00 	 2.199072e-02 	 3.799114e-01
