1.100000e+01 	 5.810271e+00 	 5.810271e+00 	 2.199585e-07 	 3.800000e-01
3.100000e+01 	 1.702383e+00 	 1.702384e+00 	 2.199585e-07 	 3.800000e-01
5.100000e+01 	 1.329281e+00 	 1.329281e+00 	 2.199585e-07 	 3.800000e-01
7.100000e+01 	 1.223458e+00 	 1.223458e+00 	 2.199585e-07 	 3.800000e-01
9.100000e+01 	 1.179322e+00 	 1.179322e+00 	 2.199585e-07 	 3.800000e-01
1.110000e+02 	 1.156805e+00 	 1.156805e+00 	 2.199585e-07 	 3.800000e-01
1.310000e+02 	 1.143788e+00 	 1.143789e+00 	 2.199585e-07 	 3.800000e-01
1.510000e+02 	 1.135592e+00 	 1.135592e+00 	 2.199585e-07 	 3.800000e-01
1.710000e+02 	 1.130099e+00 	 1.130099e+00 	 2.199585e-07 	 3.800000e-01
1.910000e+02 	 1.126240e+00 	 1.126240e+00 	 2.199585e-07 	 3.800000e-01
