6.93653854242434e+00 	6.93653854242446e+00 	7.93653850254153e+00 	7.93653850254185e+00 	8.43653817777844e+00 	8.43653817777894e+00 	8.93653843073303e+00 	8.93653843073334e+00 	9.43653826682570e+00 	9.43653826682592e+00 	9.93653651868570e+00 	9.93653651868581e+00 	9.93653966668005e+00 	9.93653966668011e+00 	1.04365395414151e+01 	1.04365395414154e+01 	1.09365379851909e+01 	1.09365379851910e+01 	1.09365555054144e+01 	1.09365555054146e+01 	
6.93652761012803e+00 	6.93654960597627e+00 	7.93652757024510e+00 	7.93654956609311e+00 	8.43652724548208e+00 	8.43654924133024e+00 	8.93652749843659e+00 	8.93654949428477e+00 	9.43652733452925e+00 	9.43654933037741e+00 	9.93652558638918e+00 	9.93652873438344e+00 	9.93654758223733e+00 	9.93655073023169e+00 	1.04365286091187e+01 	1.04365506049668e+01 	1.09365270528945e+01 	1.09365445731180e+01 	1.09365490487428e+01 	1.09365665689662e+01 	
6.93651680908679e+00 	6.93656080078320e+00 	7.93651676920387e+00 	7.93656076090027e+00 	8.43651644444082e+00 	8.43656043613730e+00 	8.93651669739525e+00 	8.93656068909169e+00 	9.43651653348797e+00 	9.43656052518441e+00 	9.93651478534801e+00 	9.93651793334222e+00 	9.93655877704444e+00 	9.93656192503869e+00 	1.04365178080773e+01 	1.04365617997737e+01 	1.09365162518533e+01 	1.09365337720766e+01 	1.09365602435497e+01 	1.09365777637731e+01 	
6.93650613930068e+00 	6.93657212684530e+00 	7.93650609941778e+00 	7.93657208696218e+00 	8.43650577465471e+00 	8.43657176219931e+00 	8.93650602760927e+00 	8.93657201515389e+00 	9.43650586370188e+00 	9.43657185124653e+00 	9.93650411556180e+00 	9.93650726355603e+00 	9.93657010310651e+00 	9.93657325110065e+00 	1.04365071382913e+01 	1.04365731258359e+01 	1.09365055820673e+01 	1.09365231022906e+01 	1.09365715696121e+01 	1.09365890898354e+01 	
6.93649560076991e+00 	6.93658358416284e+00 	7.93649556088687e+00 	7.93658354427985e+00 	8.43649523612389e+00 	8.43658321951668e+00 	8.93649548907846e+00 	8.93658347247134e+00 	9.43649532517107e+00 	9.43658330856395e+00 	9.93649357703097e+00 	9.93649672502525e+00 	9.93658156042388e+00 	9.93658470841813e+00 	1.04364965997604e+01 	1.04365845831533e+01 	1.09364950435365e+01 	1.09365125637599e+01 	1.09365830269293e+01 	1.09366005471527e+01 	
6.93648519349429e+00 	6.93659517273530e+00 	7.93648515361118e+00 	7.93659513285233e+00 	8.43648482884825e+00 	8.43659480808924e+00 	8.93648508180269e+00 	8.93659506104379e+00 	9.43648491789532e+00 	9.43659489713638e+00 	9.93648316975548e+00 	9.93648631774950e+00 	9.93659314899646e+00 	9.93659629699076e+00 	1.04364861924848e+01 	1.04365961717258e+01 	1.09364846362608e+01 	1.09365021564843e+01 	1.09365946155019e+01 	1.09366121357252e+01 	
6.93647491747369e+00 	6.93660689256300e+00 	7.93647487759067e+00 	7.93660685267997e+00 	8.43647455282756e+00 	8.43660652791711e+00 	8.93647480578223e+00 	8.93660678087153e+00 	9.43647464187488e+00 	9.43660661696406e+00 	9.93647289373488e+00 	9.93647604172914e+00 	9.93660486882416e+00 	9.93660801681841e+00 	1.04364759164642e+01 	1.04366078915535e+01 	1.09364743602402e+01 	1.09364918804639e+01 	1.09366063353297e+01 	1.09366238555530e+01 	
6.93646477270830e+00 	6.93661874364582e+00 	7.93646473282540e+00 	7.93661870376265e+00 	8.43646440806219e+00 	8.43661837899966e+00 	8.93646466101664e+00 	8.93661863195418e+00 	9.43646449710939e+00 	9.43661846804687e+00 	9.93646274896927e+00 	9.93646589696352e+00 	9.93661671990687e+00 	9.93661986790111e+00 	1.04364657716988e+01 	1.04366197426363e+01 	1.09364642154749e+01 	1.09364817356981e+01 	1.09366181864123e+01 	1.09366357066358e+01 	
6.93645475919772e+00 	6.93663072598348e+00 	7.93645471931463e+00 	7.93663068610033e+00 	8.43645439455162e+00 	8.43663036133739e+00 	8.93645464750615e+00 	8.93663061429192e+00 	9.43645448359884e+00 	9.43663045038458e+00 	9.93645273545879e+00 	9.93645588345307e+00 	9.93662870224460e+00 	9.93663185023876e+00 	1.04364557581883e+01 	1.04366317249739e+01 	1.09364542019643e+01 	1.09364717221876e+01 	1.09366301687501e+01 	1.09366476889735e+01 	
6.93644487694215e+00 	6.93664283957610e+00 	7.93644483705909e+00 	7.93664279969327e+00 	8.43644451229622e+00 	8.43664247492995e+00 	8.93644476525065e+00 	8.93664272788461e+00 	9.43644460134329e+00 	9.43664256397727e+00 	9.93644285320331e+00 	9.93644600119754e+00 	9.93664081583728e+00 	9.93664396383142e+00 	1.04364458759327e+01 	1.04366438385667e+01 	1.09364443197088e+01 	1.09364618399323e+01 	1.09366422823428e+01 	1.09366598025662e+01 	
6.93643512594153e+00 	6.93665508442371e+00 	7.93643508605856e+00 	7.93665504454052e+00 	8.43643476129552e+00 	8.43665471977772e+00 	8.93643501424994e+00 	8.93665497273220e+00 	9.43643485034262e+00 	9.43665480882482e+00 	9.93643310220262e+00 	9.93643625019695e+00 	9.93665306068488e+00 	9.93665620867909e+00 	1.04364361249321e+01 	1.04366560834141e+01 	1.09364345687081e+01 	1.09364520889314e+01 	1.09366545271902e+01 	1.09366720474136e+01 	
6.93642550619577e+00 	6.93666746052616e+00 	7.93642546631273e+00 	7.93666742064303e+00 	8.43642514154970e+00 	8.43666709587990e+00 	8.93642539450413e+00 	8.93666734883454e+00 	9.43642523059680e+00 	9.43666718492723e+00 	9.93642348245677e+00 	9.93642663045104e+00 	9.93666543678716e+00 	9.93666858478155e+00 	1.04364265051862e+01 	1.04366684595166e+01 	1.09364249489623e+01 	1.09364424691856e+01 	1.09366669032927e+01 	1.09366844235161e+01 	
6.93641601770448e+00 	6.93667996788305e+00 	7.93641597782145e+00 	7.93667992800009e+00 	8.43641565305835e+00 	8.43667960323690e+00 	8.93641590601274e+00 	8.93667985619139e+00 	9.43641574210551e+00 	9.43667969228429e+00 	9.93641399396565e+00 	9.93641714195979e+00 	9.93667794414419e+00 	9.93668109213849e+00 	1.04364170166949e+01 	1.04366809668736e+01 	1.09364154604710e+01 	1.09364329806946e+01 	1.09366794106496e+01 	1.09366969308732e+01 	
6.93640666046784e+00 	6.93669260649468e+00 	7.93640662058484e+00 	7.93669256661156e+00 	8.43640629582173e+00 	8.43669224184857e+00 	8.93640654877620e+00 	8.93669249480302e+00 	9.43640638486896e+00 	9.43669233089580e+00 	9.93640463672894e+00 	9.93640778472317e+00 	9.93669058275570e+00 	9.93669373075005e+00 	1.04364076594583e+01 	1.04366936054852e+01 	1.09364061032343e+01 	1.09364236234577e+01 	1.09366920492612e+01 	1.09367095694845e+01 	
6.93639743448581e+00 	6.93670537636086e+00 	7.93639739460283e+00 	7.93670533647763e+00 	8.43639706983967e+00 	8.43670501171471e+00 	8.93639732279407e+00 	8.93670526466919e+00 	9.43639715888687e+00 	9.43670510076196e+00 	9.93639541074688e+00 	9.93639855874112e+00 	9.93670335262193e+00 	9.93670650061620e+00 	1.04363984334761e+01 	1.04367063753513e+01 	1.09363968772524e+01 	1.09364143974757e+01 	1.09367048191273e+01 	1.09367223393508e+01 	
6.93638833975792e+00 	6.93671827748118e+00 	7.93638829987485e+00 	7.93671823759802e+00 	8.43638797511183e+00 	8.43671791283517e+00 	8.93638822806626e+00 	8.93671816578955e+00 	9.43638806415896e+00 	9.43671800188217e+00 	9.93638631601904e+00 	9.93638946401322e+00 	9.93671625374234e+00 	9.93671940173650e+00 	1.04363893387484e+01 	1.04367192764716e+01 	1.09363877825246e+01 	1.09364053027479e+01 	1.09367177202479e+01 	1.09367352404711e+01 	
6.93637937628437e+00 	6.93673130985585e+00 	7.93637933640129e+00 	7.93673126997267e+00 	8.43637901163810e+00 	8.43673094520978e+00 	8.93637926459275e+00 	8.93673119816414e+00 	9.43637910068531e+00 	9.43673103425682e+00 	9.93637735254546e+00 	9.93638050053962e+00 	9.93672928611697e+00 	9.93673243411114e+00 	1.04363803752747e+01 	1.04367323088462e+01 	1.09363788190508e+01 	1.09363963392742e+01 	1.09367307526224e+01 	1.09367482728457e+01 	
6.93637054406475e+00 	6.93674447348449e+00 	7.93637050418189e+00 	7.93674443360142e+00 	8.43637017941865e+00 	8.43674410883843e+00 	8.93637043237328e+00 	8.93674436179294e+00 	9.43637026846593e+00 	9.43674419788563e+00 	9.93636852032592e+00 	9.93637166832008e+00 	9.93674244974558e+00 	9.93674559773988e+00 	1.04363715430554e+01 	1.04367454724748e+01 	1.09363699868315e+01 	1.09363875070548e+01 	1.09367439162512e+01 	1.09367614364745e+01 	
6.93636184309918e+00 	6.93675776836712e+00 	7.93636180321627e+00 	7.93675772848398e+00 	8.43636147845323e+00 	8.43675740372102e+00 	8.93636173140761e+00 	8.93675765667557e+00 	9.43636156750032e+00 	9.43675749276823e+00 	9.93635981936028e+00 	9.93636296735449e+00 	9.93675574462827e+00 	9.93675889262241e+00 	1.04363628420897e+01 	1.04367587673577e+01 	1.09363612858658e+01 	1.09363788060892e+01 	1.09367572111336e+01 	1.09367747313570e+01 	
6.93635327338740e+00 	6.93677119450355e+00 	7.93635323350451e+00 	7.93677115462048e+00 	8.43635290874126e+00 	8.43677082985755e+00 	8.93635316169578e+00 	8.93677108281191e+00 	9.43635299778843e+00 	9.43677091890463e+00 	9.93635124964846e+00 	9.93635439764274e+00 	9.93676917076466e+00 	9.93677231875891e+00 	1.04363542723779e+01 	1.04367721934941e+01 	1.09363527161541e+01 	1.09363702363774e+01 	1.09367706372701e+01 	1.09367881574935e+01 	
6.93634483492917e+00 	6.93678475189353e+00 	7.93634479504623e+00 	7.93678471201035e+00 	8.43634447028303e+00 	8.43678438724754e+00 	8.93634472323757e+00 	8.93678464020196e+00 	9.43634455933015e+00 	9.43678447629452e+00 	9.93634281119029e+00 	9.93634595918462e+00 	9.93678272815471e+00 	9.93678587614891e+00 	1.04363458339197e+01 	1.04367857508841e+01 	1.09363442776957e+01 	1.09363617979191e+01 	1.09367841946601e+01 	1.09368017148835e+01 	
6.93633652772436e+00 	6.93679844053695e+00 	7.93633648784130e+00 	7.93679840065397e+00 	8.43633616307835e+00 	8.43679807589097e+00 	8.93633641603281e+00 	8.93679832884542e+00 	9.43633625212556e+00 	9.43679816493802e+00 	9.93633450398540e+00 	9.93633765197966e+00 	9.93679641679799e+00 	9.93679956479225e+00 	1.04363375267148e+01 	1.04367994395276e+01 	1.09363359704911e+01 	1.09363534907145e+01 	1.09367978833038e+01 	1.09368154035270e+01 	
6.93632835177277e+00 	6.93681226043359e+00 	7.93632831188979e+00 	7.93681222055045e+00 	8.43632798712665e+00 	8.43681189578755e+00 	8.93632824008115e+00 	8.93681214874196e+00 	9.43632807617379e+00 	9.43681198483466e+00 	9.93632632803387e+00 	9.93632947602810e+00 	9.93681023669469e+00 	9.93681338468891e+00 	1.04363293507633e+01 	1.04368132594241e+01 	1.09363277945393e+01 	1.09363453147626e+01 	1.09368117032001e+01 	1.09368292234235e+01 	
6.93632030707428e+00 	6.93682621158331e+00 	7.93632026719094e+00 	7.93682617170035e+00 	8.43631994242816e+00 	8.43682584693715e+00 	8.93632019538264e+00 	8.93682609989163e+00 	9.43632003147533e+00 	9.43682593598435e+00 	9.93631828333534e+00 	9.93632143132957e+00 	9.93682418784438e+00 	9.93682733583862e+00 	1.04363213060648e+01 	1.04368272105738e+01 	1.09363197498408e+01 	1.09363372700642e+01 	1.09368256543497e+01 	1.09368431745732e+01 	
6.93631239362856e+00 	6.93684029398575e+00 	7.93631235374523e+00 	7.93684025410289e+00 	8.43631202898235e+00 	8.43683992933974e+00 	8.93631228193691e+00 	8.93684018229418e+00 	9.43631211802959e+00 	9.43684001838686e+00 	9.93631036988962e+00 	9.93631351788389e+00 	9.93683827024690e+00 	9.93684141824119e+00 	1.04363133926189e+01 	1.04368412929762e+01 	1.09363118363951e+01 	1.09363293566183e+01 	1.09368397367523e+01 	1.09368572569756e+01 	
6.93630461143543e+00 	6.93685450764085e+00 	7.93630457155251e+00 	7.93685446775777e+00 	8.43630424678937e+00 	8.43685414299487e+00 	8.93630449974386e+00 	8.93685439594929e+00 	9.43630433583648e+00 	9.43685423204195e+00 	9.93630258769655e+00 	9.93630573569082e+00 	9.93685248390200e+00 	9.93685563189625e+00 	1.04363056104260e+01 	1.04368555066315e+01 	1.09363040542020e+01 	1.09363215744253e+01 	1.09368539504075e+01 	1.09368714706309e+01 	
6.93629696049459e+00 	6.93686885254836e+00 	7.93629692061161e+00 	7.93686881266528e+00 	8.43629659584862e+00 	8.43686848790225e+00 	8.93629684880321e+00 	8.93686874085687e+00 	9.43629668489575e+00 	9.43686857694955e+00 	9.93629493675571e+00 	9.93629808474996e+00 	9.93686682880942e+00 	9.93686997680367e+00 	1.04362979594852e+01 	1.04368698515389e+01 	1.09362964032612e+01 	1.09363139234846e+01 	1.09368682953151e+01 	1.09368858155383e+01 	
6.93628944080614e+00 	6.93688332870804e+00 	7.93628940092310e+00 	7.93688328882506e+00 	8.43628907616007e+00 	8.43688296406201e+00 	8.93628932911462e+00 	8.93688321701650e+00 	9.43628916520729e+00 	9.43688305310921e+00 	9.93628741706721e+00 	9.93629056506153e+00 	9.93688130496910e+00 	9.93688445296333e+00 	1.04362904397967e+01 	1.04368843276986e+01 	1.09362888835728e+01 	1.09363064037960e+01 	1.09368827714747e+01 	1.09369002916980e+01 	
6.93628205236967e+00 	6.93689793611975e+00 	7.93628201248663e+00 	7.93689789623649e+00 	8.43628168772345e+00 	8.43689757147362e+00 	8.93628194067791e+00 	8.93689782442801e+00 	9.43628177677069e+00 	9.43689766052075e+00 	9.93628002863068e+00 	9.93628317662491e+00 	9.93689591238077e+00 	9.93689906037502e+00 	1.04362830513602e+01 	1.04368989351102e+01 	1.09362814951362e+01 	1.09362990153596e+01 	1.09368973788862e+01 	1.09369148991096e+01 	
6.93627479518461e+00 	6.93691267478303e+00 	7.93627475530156e+00 	7.93691263489997e+00 	8.43627443053868e+00 	8.43691231013690e+00 	8.93627468349298e+00 	8.93691256309131e+00 	9.43627451958570e+00 	9.43691239918403e+00 	9.93627277144563e+00 	9.93627591943990e+00 	9.93691065104398e+00 	9.93691379903823e+00 	1.04362757941751e+01 	1.04369136737734e+01 	1.09362742379512e+01 	1.09362917581748e+01 	1.09369121175495e+01 	1.09369296377731e+01 	
6.93626766925112e+00 	6.93692754469767e+00 	7.93626762936815e+00 	7.93692750481437e+00 	8.43626730460502e+00 	8.43692718005157e+00 	8.93626755755955e+00 	8.93692743300607e+00 	9.43626739365218e+00 	9.43692726909881e+00 	9.93626564551221e+00 	9.93626879350639e+00 	9.93692552095877e+00 	9.93692866895295e+00 	1.04362686682416e+01 	1.04369285436882e+01 	1.09362671120176e+01 	1.09362846322410e+01 	1.09369269874643e+01 	1.09369445076876e+01 	
6.93626067456877e+00 	6.93694254586348e+00 	7.93626063468579e+00 	7.93694250598037e+00 	8.43626030992272e+00 	8.43694218121746e+00 	8.93626056287711e+00 	8.93694243417197e+00 	9.43626039896979e+00 	9.43694227026456e+00 	9.93625865082989e+00 	9.93626179882413e+00 	9.93694052212461e+00 	9.93694367011888e+00 	1.04362616735592e+01 	1.04369435448540e+01 	1.09362601173353e+01 	1.09362776375587e+01 	1.09369419886301e+01 	1.09369595088534e+01 	
6.93625381113714e+00 	6.93695767828014e+00 	7.93625377125416e+00 	7.93695763839705e+00 	8.43625344649107e+00 	8.43695731363410e+00 	8.93625369944564e+00 	8.93695756658853e+00 	9.43625353553824e+00 	9.43695740268124e+00 	9.93625178739830e+00 	9.93625493539254e+00 	9.93695565454132e+00 	9.93695880253555e+00 	1.04362548101276e+01 	1.04369586772707e+01 	1.09362532539040e+01 	1.09362707741270e+01 	1.09369571210466e+01 	1.09369746412704e+01 	
6.93624707895625e+00 	6.93697294194748e+00 	7.93624703907325e+00 	7.93697290206438e+00 	8.43624671431016e+00 	8.43697257730132e+00 	8.93624696726467e+00 	8.93697283025588e+00 	9.43624680335743e+00 	9.43697266634849e+00 	9.93624505521736e+00 	9.93624820321160e+00 	9.93697091820858e+00 	9.93697406620282e+00 	1.04362480779468e+01 	1.04369739409380e+01 	1.09362465217229e+01 	1.09362640419462e+01 	1.09369723847140e+01 	1.09369899049374e+01 	
6.93624047802570e+00 	6.93698833686510e+00 	7.93624043814260e+00 	7.93698829698214e+00 	8.43624011337946e+00 	8.43698797221907e+00 	8.93624036633410e+00 	8.93698822517369e+00 	9.43624020242676e+00 	9.43698806126618e+00 	9.93623845428670e+00 	9.93624160228093e+00 	9.93698631312624e+00 	9.93698946112036e+00 	1.04362414770161e+01 	1.04369893358556e+01 	1.09362399207924e+01 	1.09362574410155e+01 	1.09369877796316e+01 	1.09370052998550e+01 	
6.93623400834494e+00 	6.93700386303266e+00 	7.93623396846201e+00 	7.93700382314954e+00 	8.43623364369890e+00 	8.43700349838651e+00 	8.93623389665342e+00 	8.93700375134106e+00 	9.43623373274610e+00 	9.43700358743376e+00 	9.93623198460600e+00 	9.93623513260025e+00 	9.93700183929367e+00 	9.93700498728800e+00 	1.04362350073355e+01 	1.04370048620232e+01 	1.09362334511115e+01 	1.09362509713348e+01 	1.09370033057991e+01 	1.09370208260226e+01 	
6.93622766991396e+00 	6.93701952044983e+00 	7.93622763003077e+00 	7.93701948056698e+00 	8.43622730526801e+00 	8.43701915580366e+00 	8.93622755822243e+00 	8.93701940875829e+00 	9.43622739431495e+00 	9.43701924485091e+00 	9.93622564617509e+00 	9.93622879416931e+00 	9.93701749671095e+00 	9.93702064470524e+00 	1.04362286689045e+01 	1.04370205194404e+01 	1.09362271126807e+01 	1.09362446329040e+01 	1.09370189632165e+01 	1.09370364834398e+01 	
6.93622146273218e+00 	6.93703530911643e+00 	7.93622142284937e+00 	7.93703526923326e+00 	8.43622109808615e+00 	8.43703494447031e+00 	8.93622135104067e+00 	8.93703519742476e+00 	9.43622118713343e+00 	9.43703503351743e+00 	9.93621943899338e+00 	9.93622258698765e+00 	9.93703328537747e+00 	9.93703643337171e+00 	1.04362224617228e+01 	1.04370363081069e+01 	1.09362209054988e+01 	1.09362384257222e+01 	1.09370347518828e+01 	1.09370522721063e+01 	
6.93621538679969e+00 	6.93705122903201e+00 	7.93621534691664e+00 	7.93705118914887e+00 	8.43621502215363e+00 	8.43705086438588e+00 	8.93621527510808e+00 	8.93705111734036e+00 	9.43621511120079e+00 	9.43705095343298e+00 	9.93621336306081e+00 	9.93621651105497e+00 	9.93704920529307e+00 	9.93705235328734e+00 	1.04362163857903e+01 	1.04370522280225e+01 	1.09362148295663e+01 	1.09362323497896e+01 	1.09370506717986e+01 	1.09370681920219e+01 	
6.93620944211572e+00 	6.93706728019632e+00 	7.93620940223256e+00 	7.93706724031342e+00 	8.43620907746961e+00 	8.43706691555016e+00 	8.93620933042425e+00 	8.93706716850463e+00 	9.43620916651682e+00 	9.43706700459736e+00 	9.93620741837686e+00 	9.93621056637111e+00 	9.93706525645736e+00 	9.93706840445161e+00 	1.04362104411063e+01 	1.04370682791868e+01 	1.09362088848822e+01 	1.09362264051056e+01 	1.09370667229629e+01 	1.09370842431862e+01 	
6.93620362868019e+00 	6.93708346260885e+00 	7.93620358879698e+00 	7.93708342272571e+00 	8.43620326403398e+00 	8.43708309796280e+00 	8.93620351698850e+00 	8.93708335091729e+00 	9.43620335308123e+00 	9.43708318700989e+00 	9.93620160494116e+00 	9.93620475293540e+00 	9.93708143886991e+00 	9.93708458686435e+00 	1.04362046276707e+01 	1.04370844615994e+01 	1.09362030714469e+01 	1.09362205916701e+01 	1.09370829053754e+01 	1.09371004255988e+01 	
6.93619794649245e+00 	6.93709977626951e+00 	7.93619790660946e+00 	7.93709973638629e+00 	8.43619758184637e+00 	8.43709941162333e+00 	8.93619783480080e+00 	8.93709966457784e+00 	9.43619767089360e+00 	9.43709950067063e+00 	9.93619592275349e+00 	9.93619907074778e+00 	9.93709775253052e+00 	9.93710090052479e+00 	1.04361989454830e+01 	1.04371007752600e+01 	1.09361973892591e+01 	1.09362149094824e+01 	1.09370992190361e+01 	1.09371167392593e+01 	
6.93619239555232e+00 	6.93711622117751e+00 	7.93619235566922e+00 	7.93711618129452e+00 	8.43619203090621e+00 	8.43711585653144e+00 	8.93619228386072e+00 	8.93711610948590e+00 	9.43619211995340e+00 	9.43711594557861e+00 	9.93619037181335e+00 	9.93619351980759e+00 	9.93711419743855e+00 	9.93711734543274e+00 	1.04361933945428e+01 	1.04371172201679e+01 	1.09361918383188e+01 	1.09362093585422e+01 	1.09371156639440e+01 	1.09371331841674e+01 	
6.93618697585960e+00 	6.93713279733306e+00 	7.93618693597650e+00 	7.93713275744982e+00 	8.43618661121337e+00 	8.43713243268693e+00 	8.93618686416786e+00 	8.93713268564132e+00 	9.43618670026050e+00 	9.43713252173401e+00 	9.93618495212059e+00 	9.93618810011487e+00 	9.93713077359409e+00 	9.93713392158834e+00 	1.04361879748500e+01 	1.04371337963235e+01 	1.09361864186261e+01 	1.09362039388498e+01 	1.09371322400996e+01 	1.09371497603231e+01 	
6.93618168741349e+00 	6.93714950473511e+00 	7.93618164753034e+00 	7.93714946485215e+00 	8.43618132276735e+00 	8.43714914008910e+00 	8.93618157572189e+00 	8.93714939304357e+00 	9.43618141181464e+00 	9.43714922913628e+00 	9.93617966367460e+00 	9.93618281166882e+00 	9.93714748099629e+00 	9.93715062899044e+00 	1.04361826864040e+01 	1.04371505037258e+01 	1.09361811301803e+01 	1.09361986504035e+01 	1.09371489475017e+01 	1.09371664677251e+01 	
6.93617653021389e+00 	6.93716634338371e+00 	7.93617649033070e+00 	7.93716630350091e+00 	8.43617616556784e+00 	8.43716597873782e+00 	8.93617641852232e+00 	8.93716623169218e+00 	9.43617625461504e+00 	9.43716606778493e+00 	9.93617450647500e+00 	9.93617765446923e+00 	9.93716431964487e+00 	9.93716746763908e+00 	1.04361775292044e+01 	1.04371673423743e+01 	1.09361759729806e+01 	1.09361934932039e+01 	1.09371657861502e+01 	1.09371833063739e+01 	
6.93617150426045e+00 	6.93718331327845e+00 	7.93617146437751e+00 	7.93718327339545e+00 	8.43617113961430e+00 	8.43718294863250e+00 	8.93617139256880e+00 	8.93718320158693e+00 	9.43617122866158e+00 	9.43718303767957e+00 	9.93616948052159e+00 	9.93617262851578e+00 	9.93718128953960e+00 	9.93718443753385e+00 	1.04361725032510e+01 	1.04371843122691e+01 	1.09361709470271e+01 	1.09361884672505e+01 	1.09371827560451e+01 	1.09372002762684e+01 	
6.93616660955252e+00 	6.93720041441877e+00 	7.93616656966938e+00 	7.93720037453579e+00 	8.43616624490645e+00 	8.43720004977252e+00 	8.93616649786090e+00 	8.93720030272719e+00 	9.43616633395357e+00 	9.43720013881985e+00 	9.93616458581358e+00 	9.93616773380783e+00 	9.93719839067987e+00 	9.93720153867412e+00 	1.04361676085430e+01 	1.04372014134093e+01 	1.09361660523191e+01 	1.09361835725424e+01 	1.09371998571855e+01 	1.09372173774087e+01 	
6.93616184608976e+00 	6.93721764680432e+00 	7.93616180620663e+00 	7.93721760692136e+00 	8.43616148144373e+00 	8.43721728215813e+00 	8.93616173439817e+00 	8.93721753511281e+00 	9.43616157049074e+00 	9.43721737120532e+00 	9.93615982235081e+00 	9.93616297034506e+00 	9.93721562306536e+00 	9.93721877105959e+00 	1.04361628450803e+01 	1.04372186457948e+01 	1.09361612888563e+01 	1.09361788090799e+01 	1.09372170895709e+01 	1.09372346097944e+01 	
6.93615721387177e+00 	6.93723501043456e+00 	7.93615717398865e+00 	7.93723497055151e+00 	8.43615684922569e+00 	8.43723464578851e+00 	8.93615710218013e+00 	8.93723489874296e+00 	9.43615693827292e+00 	9.43723473483560e+00 	9.93615519013291e+00 	9.93615833812710e+00 	9.93723298669557e+00 	9.93723613468983e+00 	1.04361582128624e+01 	1.04372360094251e+01 	1.09361566566386e+01 	1.09361741768617e+01 	1.09372344532013e+01 	1.09372519734244e+01 	
