1.000000e+01 	 6.936539e+00 	 6.936539e+00 	 1.190159e-13 	 inf
1.000000e+01 	 6.936528e+00 	 6.936550e+00 	 2.199585e-05 	 3.800000e-01
1.000000e+01 	 6.936517e+00 	 6.936561e+00 	 4.399170e-05 	 3.800000e-01
1.000000e+01 	 6.936506e+00 	 6.936572e+00 	 6.598754e-05 	 3.800000e-01
1.000000e+01 	 6.936496e+00 	 6.936584e+00 	 8.798339e-05 	 3.800000e-01
1.000000e+01 	 6.936485e+00 	 6.936595e+00 	 1.099792e-04 	 3.800000e-01
1.000000e+01 	 6.936475e+00 	 6.936607e+00 	 1.319751e-04 	 3.800000e-01
1.000000e+01 	 6.936465e+00 	 6.936619e+00 	 1.539709e-04 	 3.800000e-01
1.000000e+01 	 6.936455e+00 	 6.936631e+00 	 1.759668e-04 	 3.800000e-01
1.000000e+01 	 6.936445e+00 	 6.936643e+00 	 1.979626e-04 	 3.800000e-01
1.000000e+01 	 6.936435e+00 	 6.936655e+00 	 2.199585e-04 	 3.800000e-01
1.000000e+01 	 6.936426e+00 	 6.936667e+00 	 2.419543e-04 	 3.800000e-01
1.000000e+01 	 6.936416e+00 	 6.936680e+00 	 2.639502e-04 	 3.800000e-01
1.000000e+01 	 6.936407e+00 	 6.936693e+00 	 2.859460e-04 	 3.800000e-01
1.000000e+01 	 6.936397e+00 	 6.936705e+00 	 3.079419e-04 	 3.800000e-01
1.000000e+01 	 6.936388e+00 	 6.936718e+00 	 3.299377e-04 	 3.800000e-01
1.000000e+01 	 6.936379e+00 	 6.936731e+00 	 3.519336e-04 	 3.800000e-01
1.000000e+01 	 6.936371e+00 	 6.936744e+00 	 3.739294e-04 	 3.800000e-01
1.000000e+01 	 6.936362e+00 	 6.936758e+00 	 3.959253e-04 	 3.800000e-01
1.000000e+01 	 6.936353e+00 	 6.936771e+00 	 4.179211e-04 	 3.800000e-01
1.000000e+01 	 6.936345e+00 	 6.936785e+00 	 4.399170e-04 	 3.800000e-01
1.000000e+01 	 6.936337e+00 	 6.936798e+00 	 4.619128e-04 	 3.800000e-01
1.000000e+01 	 6.936328e+00 	 6.936812e+00 	 4.839087e-04 	 3.800000e-01
1.000000e+01 	 6.936320e+00 	 6.936826e+00 	 5.059045e-04 	 3.800000e-01
1.000000e+01 	 6.936312e+00 	 6.936840e+00 	 5.279004e-04 	 3.800000e-01
1.000000e+01 	 6.936305e+00 	 6.936855e+00 	 5.498962e-04 	 3.800000e-01
1.000000e+01 	 6.936297e+00 	 6.936869e+00 	 5.718921e-04 	 3.800000e-01
1.000000e+01 	 6.936289e+00 	 6.936883e+00 	 5.938879e-04 	 3.800000e-01
1.000000e+01 	 6.936282e+00 	 6.936898e+00 	 6.158838e-04 	 3.800000e-01
1.000000e+01 	 6.936275e+00 	 6.936913e+00 	 6.378796e-04 	 3.800000e-01
1.000000e+01 	 6.936268e+00 	 6.936928e+00 	 6.598754e-04 	 3.800000e-01
1.000000e+01 	 6.936261e+00 	 6.936943e+00 	 6.818713e-04 	 3.800000e-01
1.000000e+01 	 6.936254e+00 	 6.936958e+00 	 7.038671e-04 	 3.800000e-01
1.000000e+01 	 6.936247e+00 	 6.936973e+00 	 7.258630e-04 	 3.800000e-01
1.000000e+01 	 6.936240e+00 	 6.936988e+00 	 7.478588e-04 	 3.800000e-01
1.000000e+01 	 6.936234e+00 	 6.937004e+00 	 7.698547e-04 	 3.800000e-01
1.000000e+01 	 6.936228e+00 	 6.937020e+00 	 7.918505e-04 	 3.800000e-01
1.000000e+01 	 6.936221e+00 	 6.937035e+00 	 8.138464e-04 	 3.800000e-01
1.000000e+01 	 6.936215e+00 	 6.937051e+00 	 8.358422e-04 	 3.800000e-01
1.000000e+01 	 6.936209e+00 	 6.937067e+00 	 8.578381e-04 	 3.800000e-01
1.000000e+01 	 6.936204e+00 	 6.937083e+00 	 8.798339e-04 	 3.800000e-01
1.000000e+01 	 6.936198e+00 	 6.937100e+00 	 9.018298e-04 	 3.800000e-01
1.000000e+01 	 6.936192e+00 	 6.937116e+00 	 9.238256e-04 	 3.800000e-01
1.000000e+01 	 6.936187e+00 	 6.937133e+00 	 9.458215e-04 	 3.800000e-01
1.000000e+01 	 6.936182e+00 	 6.937150e+00 	 9.678173e-04 	 3.800000e-01
1.000000e+01 	 6.936177e+00 	 6.937166e+00 	 9.898132e-04 	 3.800000e-01
1.000000e+01 	 6.936172e+00 	 6.937183e+00 	 1.011809e-03 	 3.800000e-01
1.000000e+01 	 6.936167e+00 	 6.937200e+00 	 1.033805e-03 	 3.800000e-01
1.000000e+01 	 6.936162e+00 	 6.937218e+00 	 1.055801e-03 	 3.800000e-01
1.000000e+01 	 6.936157e+00 	 6.937235e+00 	 1.077797e-03 	 3.800000e-01
