6.93653854244698e+00 	6.93653854244712e+00 	7.93653850340576e+00 	7.93653850340628e+00 	8.43653817850104e+00 	8.43653817850159e+00 	8.93653844224278e+00 	8.93653844224301e+00 	9.43653827981218e+00 	9.43653827981250e+00 	9.93653653243351e+00 	9.93653653243366e+00 	9.93653980254251e+00 	9.93653980254255e+00 	1.04365396163152e+01 	1.04365396163153e+01 	1.09365381762931e+01 	1.09365381762931e+01 	1.09365567745880e+01 	1.09365567745881e+01 	
6.93601853080272e+00 	6.93821811562463e+00 	7.93601849175479e+00 	7.93821807657697e+00 	8.43584202836534e+00 	8.43804161318727e+00 	8.93601843052724e+00 	8.93821801534921e+00 	9.43584212952393e+00 	9.43804171434575e+00 	9.93566425417382e+00 	9.93601979031487e+00 	9.93786383899569e+00 	9.93821937513676e+00 	1.04358434648945e+01 	1.04380430497164e+01 	1.09356658960106e+01 	1.09360367591108e+01 	1.09378654808326e+01 	1.09382363439327e+01 	
6.93665778450173e+00 	6.94105695414548e+00 	7.93665774543458e+00 	7.94105691507848e+00 	8.43595333026697e+00 	8.44035249991070e+00 	8.93665768401377e+00 	8.94105685365752e+00 	9.43595343096910e+00 	9.44035260061283e+00 	9.93524773567015e+00 	9.93665904226820e+00 	9.93964690531386e+00 	9.94105821191200e+00 	1.04359547629502e+01 	1.04403539325940e+01 	1.09352493714566e+01 	1.09366760013273e+01 	1.09396485411006e+01 	1.09410751709708e+01 	
6.93845541564947e+00 	6.94505417011515e+00 	7.93845537655034e+00 	7.94505413101612e+00 	8.43687258395903e+00 	8.44347133842453e+00 	8.93845531480867e+00 	8.94505406927440e+00 	9.43687268390475e+00 	9.44347143837035e+00 	9.93528916348484e+00 	9.93845667051538e+00 	9.94188791795047e+00 	9.94505542498103e+00 	1.04368740102631e+01 	1.04434727647287e+01 	1.09352907892488e+01 	1.09384736133880e+01 	1.09418895437146e+01 	1.09450723678536e+01 	
6.94140994666242e+00 	6.95020828595001e+00 	7.94140990751908e+00 	7.95020824680630e+00 	8.43860061338510e+00 	8.44739895267266e+00 	8.94140984533060e+00 	8.95020818461811e+00 	9.43860071228069e+00 	9.44739905156822e+00 	9.93579215603848e+00 	9.94141119748690e+00 	9.94459049532595e+00 	9.95020953677451e+00 	1.04386020308221e+01 	1.04474003701096e+01 	1.09357937678981e+01 	1.09414281177862e+01 	1.09445921071856e+01 	1.09502264570738e+01 	
6.94551931362135e+00 	6.95651723773080e+00 	7.94551927442111e+00 	7.95651719853082e+00 	8.44113855337168e+00 	8.45213647748116e+00 	8.94551921166298e+00 	8.95651713577240e+00 	9.44113865093211e+00 	9.45213657504145e+00 	9.93676172530741e+00 	9.94552055928205e+00 	9.94775964941690e+00 	9.95651848339150e+00 	1.04411399595157e+01 	1.04521378836251e+01 	1.09367633195056e+01 	1.09455374507082e+01 	1.09477612436151e+01 	1.09565353748176e+01 	
6.95078087094561e+00 	6.96397837987702e+00 	7.95078083167714e+00 	7.96397834060836e+00 	8.44448783131036e+00 	8.45768534024169e+00 	8.95078076822849e+00 	8.96397827715974e+00 	9.44448792726150e+00 	9.45768543619279e+00 	9.93820422414246e+00 	9.95078211034399e+00 	9.95140173307370e+00 	9.96397961927535e+00 	1.04444892238146e+01 	1.04576867327459e+01 	1.09382057970786e+01 	1.09507989667075e+01 	1.09514033060100e+01 	1.09639964756388e+01 	
6.95719139737086e+00 	6.97258849112403e+00 	7.95719135802272e+00 	7.97258845177580e+00 	8.44865014413692e+00 	8.46404723789009e+00 	8.95719129376731e+00 	8.97258838752052e+00 	9.44865023821756e+00 	9.46404733197076e+00 	9.94012728010714e+00 	9.95552437386029e+00 	9.95719262943714e+00 	9.97258972319045e+00 	1.04486515207483e+01 	1.04640486145015e+01 	1.09401288283656e+01 	1.09555259221190e+01 	1.09572094446814e+01 	1.09726065384344e+01 	
6.96474710320602e+00 	6.98234378178113e+00 	7.96474706376754e+00 	7.98234374234229e+00 	8.45362743098431e+00 	8.47122410955936e+00 	8.96474699859327e+00 	8.98234367716823e+00 	9.45362752294841e+00 	9.47122420152322e+00 	9.94253971696380e+00 	9.96013639553884e+00 	9.96474832690356e+00 	9.98234500547871e+00 	1.04536287895573e+01 	1.04712254681324e+01 	1.09425412373411e+01 	1.09601379159163e+01 	1.09647650951256e+01 	1.09823617737006e+01 	
6.97344363883905e+00 	6.99323990223589e+00 	7.97344359929953e+00 	7.99323986269662e+00 	8.45942184195330e+00 	8.47921810535030e+00 	8.97344353309909e+00 	8.99323979649605e+00 	9.45942193157063e+00 	9.47921819496770e+00 	9.94545146510832e+00 	9.96524772850524e+00 	9.97344485316816e+00 	9.99324111656512e+00 	1.04594231804624e+01 	1.04792194438594e+01 	1.09454529546342e+01 	1.09652492180311e+01 	1.09734615686388e+01 	1.09932578320357e+01 	
6.98327610445632e+00 	7.00527195267537e+00 	7.98327606480704e+00 	8.00527191302575e+00 	8.46603570349905e+00 	8.48803155171789e+00 	8.98327599747806e+00 	9.00527184569691e+00 	9.46603579055769e+00 	9.48803163877634e+00 	9.94887346241092e+00 	9.97086931062964e+00 	9.98327730845889e+00 	1.00052731566778e+01 	1.04660370200493e+01 	1.04880328682680e+01 	1.09488749183678e+01 	1.09708707665865e+01 	1.09832939656415e+01 	1.10052898138603e+01 	
6.99423906093825e+00 	7.01843449397905e+00 	7.99423902116987e+00 	8.01843445421066e+00 	8.47347148097177e+00 	8.49766691401249e+00 	8.99423895261614e+00 	9.01843438565686e+00 	9.47347156527839e+00 	9.49766699831916e+00 	9.95281754703311e+00 	9.97701298007383e+00 	9.99424025369989e+00 	1.00184356867406e+01 	1.04734727738079e+01 	1.04976682068488e+01 	1.09528189669698e+01 	1.09770144000106e+01 	1.09942568472668e+01 	1.10184522803075e+01 	
7.00632654188110e+00 	7.03272155974360e+00 	8.00632650198572e+00 	8.03272151984828e+00 	8.48173173888526e+00 	8.50812675674790e+00 	9.00632643211664e+00 	9.03272144997940e+00 	9.48173182026700e+00 	9.50812683812961e+00 	9.95729634386203e+00 	9.98369136172466e+00 	1.00063277225348e+01 	1.00327227403975e+01 	1.04817330063989e+01 	1.05081280242616e+01 	1.09572977256059e+01 	1.09836927434684e+01 	1.10063442473824e+01 	1.10327392652449e+01 	
7.01953206669903e+00 	7.04812666938373e+00 	8.01953202666932e+00 	8.04812662935382e+00 	8.49081909949952e+00 	8.51941370218405e+00 	9.01953195540111e+00 	9.04812655808567e+00 	9.49081917780305e+00 	9.51941378048761e+00 	9.96232314624309e+00 	9.99091774892762e+00 	1.00195332344278e+01 	1.00481278371123e+01 	1.04908203402342e+01 	1.05194149429189e+01 	1.09623244879055e+01 	1.09909190905898e+01 	1.10195496856893e+01 	1.10481442883737e+01 	
7.03384865474988e+00 	7.06464284225640e+00 	8.03384861457914e+00 	8.06464280208566e+00 	8.50073620031023e+00 	8.53153038781676e+00 	9.03384854183432e+00 	9.06464272934070e+00 	9.50073627540362e+00 	9.53153046291005e+00 	9.96791179468791e+00 	9.99870598219430e+00 	1.00338498087884e+01 	1.00646439962947e+01 	1.05007374129658e+01 	1.05315316004722e+01 	1.09679130946671e+01 	1.09987072821734e+01 	1.10338661818453e+01 	1.10646603693518e+01 	
7.04926884042489e+00 	7.08226261275342e+00 	8.04926880010776e+00 	8.08226257243593e+00 	8.51148565103943e+00 	8.54447942336767e+00 	9.04926872581519e+00 	9.08226249814357e+00 	9.51148572281097e+00 	9.54447949513925e+00 	9.97407655419783e+00 	1.00070703265262e+01 	1.00492699800611e+01 	1.00822637523893e+01 	1.05114868344728e+01 	1.05444806068011e+01 	1.09740778111784e+01 	1.10070715835066e+01 	1.10492862705531e+01 	1.10822800428813e+01 	
7.06578468913889e+00 	7.10097804628923e+00 	8.06578464867016e+00 	8.10097800582018e+00 	8.52306999069082e+00 	8.55826334784097e+00 	9.06578457276598e+00 	9.10097792991620e+00 	9.52307005904991e+00 	9.55826341619996e+00 	9.98083199177772e+00 	1.00160253489279e+01 	1.00657858137153e+01 	1.01009791708654e+01 	1.05230711439171e+01 	1.05582645010674e+01 	1.09808332047262e+01 	1.10160265618764e+01 	1.10658020175474e+01 	1.11009953746976e+01 	
7.08338781415467e+00 	7.12078075612652e+00 	8.08338777352989e+00 	8.12078071550186e+00 	8.53549164522135e+00 	8.57288458719340e+00 	9.08338769595724e+00 	9.12078063792936e+00 	9.53549171009703e+00 	9.57288465206907e+00 	9.98819285561454e+00 	1.00255857975866e+01 	1.00833889230687e+01 	1.01207818650408e+01 	1.05354927674121e+01 	1.05728857093841e+01 	1.09881940237718e+01 	1.10255869657438e+01 	1.10834050364170e+01 	1.11207979783888e+01 	
7.10206939416718e+00 	7.14166192096118e+00 	8.10206935338318e+00 	8.14166188017730e+00 	8.54875288633176e+00 	8.58834541312578e+00 	9.10206927409147e+00 	9.14166180088537e+00 	9.54875294767296e+00 	9.58834547446688e+00 	9.99617395728250e+00 	1.00357664840763e+01 	1.01020704868725e+01 	1.01416630136664e+01 	1.05487539768119e+01 	1.05883465036059e+01 	1.09961750801529e+01 	1.10357676069468e+01 	1.11020865061868e+01 	1.11416790329807e+01 	
7.12182019158049e+00 	7.16361230319602e+00 	8.12182015063485e+00 	8.16361226225053e+00 	8.56285579184731e+00 	8.60464790346307e+00 	9.12182006957988e+00 	9.16361218119570e+00 	9.56285584962145e+00 	9.60464796123731e+00 	1.00047900581934e+01 	1.00465821698092e+01 	1.01218212675852e+01 	1.01636133792011e+01 	1.05628568500911e+01 	1.06046489617072e+01 	1.10047911355335e+01 	1.10465832471493e+01 	1.11218371895933e+01 	1.11636293012092e+01 	
7.14263057138979e+00 	7.18662226782739e+00 	8.14263053028019e+00 	8.18662222671804e+00 	8.57780220810032e+00 	8.62179390453804e+00 	9.14263044742552e+00 	9.18662214386325e+00 	9.57780226229321e+00 	9.62179395873094e+00 	1.00140557613684e+01 	1.00580474578061e+01 	1.01426316302578e+01 	1.01866233266954e+01 	1.05778032337266e+01 	1.06217949301646e+01 	1.10140567931703e+01 	1.10580484896080e+01 	1.11426474519635e+01 	1.11866391484013e+01 	
7.16449052060330e+00 	7.21068180186293e+00 	8.16449047932883e+00 	8.21068176058835e+00 	8.59359371468588e+00 	8.63978499594568e+00 	9.16449039464350e+00 	9.21068167590312e+00 	9.59359376529963e+00 	9.63978504655919e+00 	1.00239854094396e+01 	1.00701766906992e+01 	1.01644915619516e+01 	1.02106828432113e+01 	1.05935947074508e+01 	1.06397859887104e+01 	1.10239863959161e+01 	1.10701776771756e+01 	1.11645072806351e+01 	1.12106985618946e+01 	
7.18738966811234e+00 	7.23578053419368e+00 	8.18738962667201e+00 	8.23578049275340e+00 	8.61023159189097e+00 	8.65862245797251e+00 	9.18738954013127e+00 	9.23578040621289e+00 	9.61023163894325e+00 	9.65862250502481e+00 	1.00345929896411e+01 	1.00829838557225e+01 	1.01873906916110e+01 	1.02357815576926e+01 	1.06102325516806e+01 	1.06586234177622e+01 	1.10345939312071e+01 	1.10829847972885e+01 	1.11874063048249e+01 	1.12357971709068e+01 	
7.21131730493424e+00 	7.26190775583767e+00 	8.21131726332841e+00 	8.26190771423165e+00 	8.62771679105560e+00 	8.67830724195922e+00 	9.21131717491425e+00 	9.26190762581757e+00 	9.62771683457871e+00 	9.67830728548214e+00 	1.00458920463743e+01 	1.00964824972776e+01 	1.02113183103053e+01 	1.02619087612087e+01 	1.06277177178790e+01 	1.06783081687825e+01 	1.10458929436288e+01 	1.10964833945321e+01 	1.12113338158708e+01 	1.12619242667741e+01 	
7.23626240474959e+00 	7.28905244047484e+00 	8.23626236297877e+00 	8.28905239870383e+00 	8.64604990805810e+00 	8.69883994378349e+00 	9.23626227267774e+00 	9.28905230840301e+00 	9.64604994809745e+00 	9.69883998382266e+00 	1.00578956017885e+01 	1.01106856375137e+01 	1.02362633917643e+01 	1.02890534274894e+01 	1.06460508020384e+01 	1.06988408377639e+01 	1.10578964554958e+01 	1.11106864912209e+01 	1.12362787877656e+01 	1.12890688234911e+01 	
7.26221364464421e+00 	7.31720326519161e+00 	8.26221360270920e+00 	8.31720322325632e+00 	8.66523116006188e+00 	8.72022078060916e+00 	9.26221351051411e+00 	9.31720313106104e+00 	9.66523119667447e+00 	9.72022081722163e+00 	1.00706160846572e+01 	1.01256057052043e+01 	1.02622146131214e+01 	1.03172042336685e+01 	1.06652320214274e+01 	1.07202216419746e+01 	1.10706168957273e+01 	1.11256065162745e+01 	1.12622298978998e+01 	1.13172195184470e+01 	
7.28915942598432e+00 	7.34634863135358e+00 	8.28915938388706e+00 	8.34634858925590e+00 	8.68526036561257e+00 	8.74244957098159e+00 	9.28915928979522e+00 	9.34634849516423e+00 	9.68526039886564e+00 	9.74244960423477e+00 	1.00840652676996e+01 	1.01412544730687e+01 	1.02891603757892e+01 	1.03463495811582e+01 	1.06852611946875e+01 	1.07424504000567e+01 	1.10840660371699e+01 	1.11412552425389e+01 	1.12891755479343e+01 	1.13463647533035e+01 	
7.31708789534310e+00 	7.37647668553408e+00 	8.31708785308551e+00 	8.37647664327628e+00 	8.70613692811717e+00 	8.76552571830828e+00 	9.31708775709943e+00 	9.37647654729029e+00 	9.70613695808726e+00 	9.76552574827826e+00 	1.00982542133632e+01 	1.01576430035539e+01 	1.03170888263840e+01 	1.03764776165749e+01 	1.07061377253128e+01 	1.07655265155038e+01 	1.10982549423792e+01 	1.11576437325702e+01 	1.13171038847260e+01 	1.13764926749170e+01 	
7.34598696540004e+00 	7.40757534041308e+00 	8.34598692298440e+00 	8.40757529799715e+00 	8.72785982269696e+00 	8.78944819770991e+00 	9.34598682511049e+00 	9.40757520012329e+00 	9.72785984946798e+00 	9.78944822448084e+00 	1.01131932279719e+01 	1.01747816029845e+01 	1.03459878776261e+01 	1.04075762526390e+01 	1.07278605885022e+01 	1.07894489635150e+01 	1.11131939177703e+01 	1.11747822927832e+01 	1.13460028212262e+01 	1.14075911962391e+01 	
7.37584433574263e+00 	7.43963229557751e+00 	8.37584429317138e+00 	8.43963225300614e+00 	8.75042758635738e+00 	8.81421554619220e+00 	9.37584419342092e+00 	9.43963215325540e+00 	9.75042761002031e+00 	9.81421556985505e+00 	1.01288918240440e+01 	1.01926797838787e+01 	1.03758452291419e+01 	1.04396331889766e+01 	1.07504283213300e+01 	1.08142162811648e+01 	1.11288924759350e+01 	1.11926804357696e+01 	1.13758600572827e+01 	1.14396480171173e+01 	
7.40664751349684e+00 	7.47263505815359e+00 	8.40664747077339e+00 	8.47263501543006e+00 	8.77383831138800e+00 	8.83982585604459e+00 	9.40664736915995e+00 	9.47263491381652e+00 	9.77383833203867e+00 	9.83982587669520e+00 	1.01453586904957e+01 	1.02113462351522e+01 	1.04066483880934e+01 	1.04726359327501e+01 	1.07738390161455e+01 	1.08398265608022e+01 	1.11453593058460e+01 	1.12113468505027e+01 	1.14066631002682e+01 	1.14726506449247e+01 	
7.43838383371966e+00 	7.50657096319826e+00 	8.43838379084718e+00 	8.50657092032555e+00 	8.79808964186287e+00 	8.86627677134157e+00 	9.43838368738908e+00 	9.50657081686735e+00 	9.79808965960160e+00 	9.86627678908005e+00 	1.01626016703725e+01 	1.02307887998508e+01 	1.04383846895715e+01 	1.05065718190500e+01 	1.07980903170751e+01 	1.08662774465537e+01 	1.11626022505915e+01 	1.12307893800700e+01 	1.14383992854735e+01 	1.15065864149519e+01 	
7.47104047949134e+00 	7.54142719379192e+00 	8.47104043647323e+00 	8.54142715077387e+00 	8.82317877310060e+00 	8.89356548740122e+00 	9.47104033119107e+00 	9.54142704549136e+00 	9.82317878803065e+00 	9.89356550233113e+00 	1.01806277457033e+01 	1.02510144600036e+01 	1.04710413166875e+01 	1.05414280309879e+01 	1.08231794194790e+01 	1.08935661337796e+01 	1.11806282922297e+01 	1.12510150065301e+01 	1.14710557961996e+01 	1.15414425104996e+01 	
7.50460450164397e+00 	7.57719080076599e+00 	8.50460445848404e+00 	8.57719075760597e+00 	8.84910245389654e+00 	8.92168875301891e+00 	9.50460435140084e+00 	9.57719065052299e+00 	9.84910246612364e+00 	9.92168876524581e+00 	1.01994430290118e+01 	1.02720293281339e+01 	1.05046053203021e+01 	1.05771916194242e+01 	1.08491030721897e+01 	1.09216893713121e+01 	1.11994435432987e+01 	1.12720298424210e+01 	1.15046196834837e+01 	1.15549185822039e+01 	
7.53906283807528e+00 	7.61384872201967e+00 	8.53906279477698e+00 	8.61384867872141e+00 	8.87585699135126e+00 	8.95064287529558e+00 	9.53906268591946e+00 	9.61384856986346e+00 	9.87585700098164e+00 	9.95064288492566e+00 	1.02190527609990e+01 	1.02938386449433e+01 	1.05390636383391e+01 	1.06138495222832e+01 	1.08758575823356e+01 	1.09506434662797e+01 	1.12190532445042e+01 	1.12938391284485e+01 	1.15390778854178e+01 	1.15678422641726e+01 	
7.57440233259495e+00 	7.65138780136117e+00 	8.57440228916220e+00 	8.65138775792835e+00 	8.90343825807762e+00 	8.98042372684386e+00 	9.57440217855733e+00 	9.65138764732330e+00 	9.90343826521855e+00 	9.98042373398449e+00 	1.02394613138856e+01 	1.03164467826517e+01 	1.05744031146318e+01 	1.06513885833978e+01 	1.09034388225507e+01 	1.09804242913168e+01 	1.12394617680610e+01 	1.13164472368270e+01 	1.15744172459896e+01 	1.15815544629840e+01 	
7.61060975325649e+00 	7.68979480684439e+00 	8.61060970969389e+00 	8.68979476328139e+00 	8.93184170158442e+00 	9.01102675517205e+00 	9.61060959737160e+00 	9.68979465095914e+00 	9.93184170634226e+00 	1.00110267599302e+01 	1.02606721998917e+01 	1.03398572534796e+01 	1.06106105172552e+01 	1.06897955708430e+01 	1.09318422403596e+01 	1.10110272939476e+01 	1.12606726261740e+01 	1.13398576797620e+01 	1.15960659257756e+01 	1.16106245334194e+01 	
7.64767181013810e+00 	7.72905644854810e+00 	8.64767176644864e+00 	8.72905640485828e+00 	8.96106235560828e+00 	9.04244699401819e+00 	9.64767165244008e+00 	9.72905629084984e+00 	9.96106235808966e+00 	1.00424469964993e+01 	1.02826880843294e+01 	1.03640727227391e+01 	1.06476725563066e+01 	1.07290571947164e+01 	1.09610628695093e+01 	1.10424475079191e+01 	1.12826884841326e+01 	1.13640731225425e+01 	1.16113860799951e+01 	1.16476864579370e+01 	
7.68557517252987e+00 	7.76915939576155e+00 	8.68557512871810e+00 	8.76915935194970e+00 	8.99109485318546e+00 	9.07467907641715e+00 	9.68557501305567e+00 	9.76915923628738e+00 	9.99109485349453e+00 	1.00746790767261e+01 	1.03055108027907e+01 	1.03890950260223e+01 	1.06855759010932e+01 	1.07691601243252e+01 	1.09910953430402e+01 	1.10746795662718e+01 	1.13055111774993e+01 	1.13890954007311e+01 	1.16275230631853e+01 	1.16855896889732e+01 	
7.72430648550368e+00 	7.81009029355726e+00 	8.72430644157358e+00 	8.81009024962691e+00 	9.02193344123345e+00 	9.10771724928727e+00 	9.72430632429062e+00 	9.81009013234393e+00 	1.00219334394722e+01 	1.01077172475256e+01 	1.03291413819230e+01 	1.04149251899766e+01 	1.07243071967018e+01 	1.08100910047551e+01 	1.10219339078690e+01 	1.11077177159227e+01 	1.13291417328858e+01 	1.14149255409397e+01 	1.16444837579348e+01 	1.17243208717255e+01 	
7.76385238583205e+00 	7.85183577870774e+00 	8.76385234178727e+00 	8.85183573466228e+00 	9.05357199643833e+00 	9.14155538931397e+00 	9.76385222291800e+00 	9.85183561579310e+00 	1.00535719927069e+01 	1.01415553855824e+01 	1.03535800633045e+01 	1.04415634561799e+01 	1.07638530799173e+01 	1.08518364727929e+01 	1.10535724406788e+01 	1.11415558335541e+01 	1.13535803918308e+01 	1.14415637847064e+01 	1.16622738311959e+01 	1.17502572240713e+01 	
7.80419951724012e+00 	7.89438249493761e+00 	8.80419947308452e+00 	8.89438245078174e+00 	9.08600404223778e+00 	9.17618701993490e+00 	9.80419935266354e+00 	9.89438233036097e+00 	1.00860040366333e+01 	1.01761870143306e+01 	1.03788263299514e+01 	1.04690093076488e+01 	1.08042001944766e+01 	1.08943831721739e+01 	1.10860044648979e+01 	1.11761874425953e+01 	1.13788266373069e+01 	1.14690096150042e+01 	1.16808977771997e+01 	1.17710807548970e+01 	
7.84533454497141e+00 	7.93771710749070e+00 	8.84533450070915e+00 	8.93771706322811e+00 	9.11922276669648e+00 	9.21160532921589e+00 	9.84533437877186e+00 	9.93771694129078e+00 	1.01192227593134e+01 	1.02116053218326e+01 	1.04048789350157e+01 	1.04972614975350e+01 	1.08453352056326e+01 	1.09377177681518e+01 	1.11192231685814e+01 	1.12116057311007e+01 	1.14048792224193e+01 	1.14972617849385e+01 	1.17003589632724e+01 	1.17927415257915e+01 	
7.88724416965405e+00 	7.98182631699537e+00 	8.88724412528882e+00 	8.98182627262960e+00 	9.15322104109567e+00 	9.24780318843684e+00 	9.88724400187010e+00 	9.98182614921102e+00 	1.01532210320251e+01 	1.02478031793662e+01 	1.04317359322576e+01 	1.05263180795988e+01 	1.08872448140206e+01 	1.09818269613616e+01 	1.11532214229963e+01 	1.12478035703373e+01 	1.14317362008792e+01 	1.15263183482204e+01 	1.17206596779045e+01 	1.18152418252456e+01 	
7.92991514045984e+00 	8.02669687262296e+00 	8.92991509599513e+00 	9.02669682815784e+00 	9.18799143904863e+00 	9.28477317121190e+00 	9.92991497113109e+00 	1.00266967032938e+01 	1.01879914283779e+01 	1.02847731605409e+01 	1.04593947079095e+01 	1.05561764400725e+01 	1.09299157688194e+01 	1.10266975009823e+01 	1.11879918017390e+01 	1.12847735339020e+01 	1.14593949588697e+01 	1.15561766910327e+01 	1.17418011804870e+01 	1.18385829126497e+01 	
7.97333426755329e+00 	8.07231558453850e+00 	8.97333422299268e+00 	9.07231553997712e+00 	9.22352625598258e+00 	9.32250757296770e+00 	9.97333409671825e+00 	1.00723154137029e+01 	1.02235262437958e+01 	1.03225075607807e+01 	1.04878520135751e+01 	1.05868333305601e+01 	1.09733348801977e+01 	1.10723161971825e+01 	1.12235266002194e+01 	1.13225079172042e+01 	1.14878522479426e+01 	1.15868335649276e+01 	1.17637837521778e+01 	1.18627650691627e+01 	
8.01748843382629e+00 	8.11866933563324e+00 	9.01748838917325e+00 	9.11866929098002e+00 	9.25981752883509e+00 	9.36099843064176e+00 	1.00174882615236e+01 	1.01186691633302e+01 	1.02598175152126e+01 	1.03609984170192e+01 	1.05171039998391e+01 	1.06182849016459e+01 	1.10174890310515e+01 	1.11186699328582e+01 	1.12598178553548e+01 	1.13609987571615e+01 	1.15171042186312e+01 	1.16182851204380e+01 	1.17866067474276e+01 	1.18877876492342e+01 	
8.06236460592562e+00 	8.16574509255404e+00 	9.06236456118376e+00 	9.16574504781175e+00 	9.29685705581948e+00 	9.40023754244819e+00 	1.00623644321935e+01 	1.01657449188220e+01 	1.02968570408386e+01 	1.04002375274672e+01 	1.05471462502928e+01 	1.06505267369215e+01 	1.10623651880297e+01 	1.11657456746581e+01 	1.12968573653385e+01 	1.14002378519671e+01 	1.15471464544766e+01 	1.16505269411050e+01 	1.18102686457323e+01 	1.19136491323606e+01 	
8.10794984457370e+00 	8.21352991602439e+00 	9.10794979974600e+00 	9.21352987119615e+00 	9.33463641614028e+00 	9.44021648759093e+00 	1.01079496694502e+01 	1.02135297409004e+01 	1.03346363998740e+01 	1.04402164713246e+01 	1.05779738157123e+01 	1.06835538871628e+01 	1.11079504118560e+01 	1.12135304833064e+01 	1.13346367093518e+01 	1.14402167808023e+01 	1.15779740062028e+01 	1.16835540776532e+01 	1.18347671032467e+01 	1.19403471746973e+01 	
8.15423131419827e+00 	8.26201097047044e+00 	9.15423126928802e+00 	9.26201092555987e+00 	9.37314698953583e+00 	9.48092664580828e+00 	1.01542311377205e+01 	1.02620107939927e+01 	1.03731469720539e+01 	1.04809266283262e+01 	1.06095812481528e+01 	1.07173609044250e+01 	1.11542318669591e+01 	1.12620115232313e+01 	1.13731472671109e+01 	1.14809269233833e+01 	1.16095814258161e+01 	1.17173610820885e+01 	1.18600990039292e+01 	1.19678786602018e+01 	
