1.000000e+01 	 6.936539e+00 	 6.936539e+00 	 1.376677e-13 	 inf
1.000000e+01 	 6.936019e+00 	 6.938218e+00 	 2.199585e-03 	 3.800000e-01
1.000000e+01 	 6.936658e+00 	 6.941057e+00 	 4.399170e-03 	 3.800000e-01
1.000000e+01 	 6.938455e+00 	 6.945054e+00 	 6.598754e-03 	 3.800000e-01
1.000000e+01 	 6.941410e+00 	 6.950208e+00 	 8.798339e-03 	 3.800000e-01
1.000000e+01 	 6.945519e+00 	 6.956517e+00 	 1.099792e-02 	 3.800000e-01
1.000000e+01 	 6.950781e+00 	 6.963978e+00 	 1.319751e-02 	 3.800000e-01
1.000000e+01 	 6.957191e+00 	 6.972588e+00 	 1.539709e-02 	 3.800000e-01
1.000000e+01 	 6.964747e+00 	 6.982344e+00 	 1.759668e-02 	 3.800000e-01
1.000000e+01 	 6.973444e+00 	 6.993240e+00 	 1.979626e-02 	 3.800000e-01
1.000000e+01 	 6.983276e+00 	 7.005272e+00 	 2.199585e-02 	 3.800000e-01
1.000000e+01 	 6.994239e+00 	 7.018434e+00 	 2.419543e-02 	 3.800000e-01
1.000000e+01 	 7.006327e+00 	 7.032722e+00 	 2.639502e-02 	 3.800000e-01
1.000000e+01 	 7.019532e+00 	 7.048127e+00 	 2.859460e-02 	 3.800000e-01
1.000000e+01 	 7.033849e+00 	 7.064643e+00 	 3.079419e-02 	 3.800000e-01
1.000000e+01 	 7.049269e+00 	 7.082263e+00 	 3.299377e-02 	 3.800000e-01
1.000000e+01 	 7.065785e+00 	 7.100978e+00 	 3.519336e-02 	 3.800000e-01
1.000000e+01 	 7.083388e+00 	 7.120781e+00 	 3.739294e-02 	 3.800000e-01
1.000000e+01 	 7.102069e+00 	 7.141662e+00 	 3.959253e-02 	 3.800000e-01
1.000000e+01 	 7.121820e+00 	 7.163612e+00 	 4.179211e-02 	 3.800000e-01
1.000000e+01 	 7.142631e+00 	 7.186622e+00 	 4.399170e-02 	 3.800000e-01
1.000000e+01 	 7.164491e+00 	 7.210682e+00 	 4.619128e-02 	 3.800000e-01
1.000000e+01 	 7.187390e+00 	 7.235781e+00 	 4.839087e-02 	 3.800000e-01
1.000000e+01 	 7.211317e+00 	 7.261908e+00 	 5.059045e-02 	 3.800000e-01
1.000000e+01 	 7.236262e+00 	 7.289052e+00 	 5.279004e-02 	 3.800000e-01
1.000000e+01 	 7.262214e+00 	 7.317203e+00 	 5.498962e-02 	 3.800000e-01
1.000000e+01 	 7.289159e+00 	 7.346349e+00 	 5.718921e-02 	 3.800000e-01
1.000000e+01 	 7.317088e+00 	 7.376477e+00 	 5.938879e-02 	 3.800000e-01
1.000000e+01 	 7.345987e+00 	 7.407575e+00 	 6.158838e-02 	 3.800000e-01
1.000000e+01 	 7.375844e+00 	 7.439632e+00 	 6.378796e-02 	 3.800000e-01
1.000000e+01 	 7.406648e+00 	 7.472635e+00 	 6.598754e-02 	 3.800000e-01
1.000000e+01 	 7.438384e+00 	 7.506571e+00 	 6.818713e-02 	 3.800000e-01
1.000000e+01 	 7.471040e+00 	 7.541427e+00 	 7.038671e-02 	 3.800000e-01
1.000000e+01 	 7.504605e+00 	 7.577191e+00 	 7.258630e-02 	 3.800000e-01
1.000000e+01 	 7.539063e+00 	 7.613849e+00 	 7.478588e-02 	 3.800000e-01
1.000000e+01 	 7.574402e+00 	 7.651388e+00 	 7.698547e-02 	 3.800000e-01
1.000000e+01 	 7.610610e+00 	 7.689795e+00 	 7.918505e-02 	 3.800000e-01
1.000000e+01 	 7.647672e+00 	 7.729056e+00 	 8.138464e-02 	 3.800000e-01
1.000000e+01 	 7.685575e+00 	 7.769159e+00 	 8.358422e-02 	 3.800000e-01
1.000000e+01 	 7.724306e+00 	 7.810090e+00 	 8.578381e-02 	 3.800000e-01
1.000000e+01 	 7.763852e+00 	 7.851836e+00 	 8.798339e-02 	 3.800000e-01
1.000000e+01 	 7.804200e+00 	 7.894382e+00 	 9.018298e-02 	 3.800000e-01
1.000000e+01 	 7.845335e+00 	 7.937717e+00 	 9.238256e-02 	 3.800000e-01
1.000000e+01 	 7.887244e+00 	 7.981826e+00 	 9.458215e-02 	 3.800000e-01
1.000000e+01 	 7.929915e+00 	 8.026697e+00 	 9.678173e-02 	 3.800000e-01
1.000000e+01 	 7.973334e+00 	 8.072316e+00 	 9.898132e-02 	 3.800000e-01
1.000000e+01 	 8.017488e+00 	 8.118669e+00 	 1.011809e-01 	 3.800000e-01
1.000000e+01 	 8.062365e+00 	 8.165745e+00 	 1.033805e-01 	 3.800000e-01
1.000000e+01 	 8.107950e+00 	 8.213530e+00 	 1.055801e-01 	 3.800000e-01
1.000000e+01 	 8.154231e+00 	 8.262011e+00 	 1.077797e-01 	 3.800000e-01
