5.69764510448258e+02 	5.69764510668219e+02 	5.70875162403594e+02 	5.70875162403625e+02 	5.70875162623559e+02 	5.70875162623588e+02 	5.71985814017307e+02 	5.71985814147394e+02 	5.71985814237255e+02 	5.71985814367348e+02 	5.71985814489060e+02 	5.71985814709006e+02 	5.73096466291295e+02 	5.73096466291317e+02 	5.73096466511241e+02 	5.73096466511276e+02 	5.73096468070517e+02 	5.73096468070542e+02 	5.73096468290470e+02 	5.73096468290502e+02 	
1.43274116561555e+02 	1.43274116781513e+02 	1.44384768516903e+02 	1.44384768516908e+02 	1.44384768736859e+02 	1.44384768736866e+02 	1.45495420130594e+02 	1.45495420260693e+02 	1.45495420350553e+02 	1.45495420480649e+02 	1.45495420602346e+02 	1.45495420822307e+02 	1.46606072404600e+02 	1.46606072404607e+02 	1.46606072624561e+02 	1.46606072624569e+02 	1.46606074183829e+02 	1.46606074183834e+02 	1.46606074403790e+02 	1.46606074403796e+02 	
6.42944139899438e+01 	6.42944142099023e+01 	6.54050659452925e+01 	6.54050659452947e+01 	6.54050661652515e+01 	6.54050661652531e+01 	6.65157175589839e+01 	6.65157176890817e+01 	6.65157177789416e+01 	6.65157179090400e+01 	6.65157180307342e+01 	6.65157182506946e+01 	6.76263698329943e+01 	6.76263698329962e+01 	6.76263700529531e+01 	6.76263700529560e+01 	6.76263716122217e+01 	6.76263716122235e+01 	6.76263718321810e+01 	6.76263718321838e+01 	
3.66515180898810e+01 	3.66515183098394e+01 	3.77621700452301e+01 	3.77621700452321e+01 	3.77621702651887e+01 	3.77621702651903e+01 	3.88728216589208e+01 	3.88728217890188e+01 	3.88728218788787e+01 	3.88728220089777e+01 	3.88728221306714e+01 	3.88728223506309e+01 	3.99834739329327e+01 	3.99834739329340e+01 	3.99834741528908e+01 	3.99834741528917e+01 	3.99834757121599e+01 	3.99834757121611e+01 	3.99834759321189e+01 	3.99834759321200e+01 	
2.38568062732811e+01 	2.38568064932395e+01 	2.49674582286306e+01 	2.49674582286312e+01 	2.49674584485891e+01 	2.49674584485896e+01 	2.60781098423206e+01 	2.60781099724194e+01 	2.60781100622791e+01 	2.60781101923778e+01 	2.60781103140720e+01 	2.60781105340304e+01 	2.71887621163330e+01 	2.71887621163341e+01 	2.71887623362912e+01 	2.71887623362921e+01 	2.71887638955604e+01 	2.71887638955614e+01 	2.71887641155194e+01 	2.71887641155200e+01 	
1.69065924469803e+01 	1.69065926669388e+01 	1.80172444023297e+01 	1.80172444023304e+01 	1.80172446222881e+01 	1.80172446222889e+01 	1.91278960160201e+01 	1.91278961461184e+01 	1.91278962359783e+01 	1.91278963660773e+01 	1.91278964877709e+01 	1.91278967077298e+01 	2.02385482900325e+01 	2.02385482900330e+01 	2.02385485099908e+01 	2.02385485099914e+01 	2.02385500692599e+01 	2.02385500692606e+01 	2.02385502892187e+01 	2.02385502892192e+01 	
1.27158327186918e+01 	1.27158329386503e+01 	1.38264846740412e+01 	1.38264846740416e+01 	1.38264848939997e+01 	1.38264848940000e+01 	1.49371362877311e+01 	1.49371364178301e+01 	1.49371365076898e+01 	1.49371366377883e+01 	1.49371367594825e+01 	1.49371369794407e+01 	1.60477885617439e+01 	1.60477885617442e+01 	1.60477887817024e+01 	1.60477887817030e+01 	1.60477903409714e+01 	1.60477903409719e+01 	1.60477905609302e+01 	1.60477905609305e+01 	
9.99586847196642e+00 	9.99586869192489e+00 	1.11065204273160e+01 	1.11065204273162e+01 	1.11065206472745e+01 	1.11065206472747e+01 	1.22171720410058e+01 	1.22171721711048e+01 	1.22171722609644e+01 	1.22171723910633e+01 	1.22171725127572e+01 	1.22171727327157e+01 	1.33278243150186e+01 	1.33278243150189e+01 	1.33278245349771e+01 	1.33278245349775e+01 	1.33278260942463e+01 	1.33278260942467e+01 	1.33278263142047e+01 	1.33278263142051e+01 	
8.13106993902679e+00 	8.13107015898520e+00 	9.24172189437631e+00 	9.24172189437660e+00 	9.24172211433485e+00 	9.24172211433532e+00 	1.03523735080663e+01 	1.03523736381652e+01 	1.03523737280247e+01 	1.03523738581236e+01 	1.03523739798176e+01 	1.03523741997761e+01 	1.14630257820791e+01 	1.14630257820794e+01 	1.14630260020374e+01 	1.14630260020378e+01 	1.14630275613068e+01 	1.14630275613072e+01 	1.14630277812652e+01 	1.14630277812655e+01 	
6.79719051781870e+00 	6.79719073777718e+00 	7.90784247316829e+00 	7.90784247316867e+00 	7.90784269312676e+00 	7.90784269312711e+00 	9.01849408685805e+00 	9.01849421695699e+00 	9.01849430681652e+00 	9.01849443691538e+00 	9.01849455860921e+00 	9.01849477856808e+00 	1.01291463608710e+01 	1.01291463608711e+01 	1.01291465808295e+01 	1.01291465808298e+01 	1.01291481400986e+01 	1.01291481400989e+01 	1.01291483600573e+01 	1.01291483600573e+01 	
5.81027059808231e+00 	5.81027081804080e+00 	6.92092255343187e+00 	6.92092255343221e+00 	6.92092277339042e+00 	6.92092277339055e+00 	8.03157416712152e+00 	8.03157429722063e+00 	8.03157438708008e+00 	8.03157451717913e+00 	8.03157463887293e+00 	8.03157485883146e+00 	9.14222644113472e+00 	9.14222644113476e+00 	9.14222666109304e+00 	9.14222666109332e+00 	9.14222822036220e+00 	9.14222822036254e+00 	9.14222844032078e+00 	9.14222844032089e+00 	
5.05963706124626e+00 	5.05963728120475e+00 	6.17028901659592e+00 	6.17028901659611e+00 	6.17028923655440e+00 	6.17028923655466e+00 	7.28094063028572e+00 	7.28094076038451e+00 	7.28094085024413e+00 	7.28094098034299e+00 	7.28094110203690e+00 	7.28094132199538e+00 	8.39159290429856e+00 	8.39159290429892e+00 	8.39159312425706e+00 	8.39159312425720e+00 	8.39159468352612e+00 	8.39159468352637e+00 	8.39159490348492e+00 	8.39159490348506e+00 	
4.47546766352888e+00 	4.47546788348735e+00 	5.58611961887850e+00 	5.58611961887873e+00 	5.58611983883695e+00 	5.58611983883716e+00 	6.69677123256829e+00 	6.69677136266714e+00 	6.69677145252670e+00 	6.69677158262563e+00 	6.69677170431955e+00 	6.69677192427810e+00 	7.80742350658128e+00 	7.80742350658141e+00 	7.80742372653965e+00 	7.80742372653988e+00 	7.80742528580894e+00 	7.80742528580905e+00 	7.80742550576734e+00 	7.80742550576754e+00 	
4.01194712917731e+00 	4.01194734913578e+00 	5.12259908452693e+00 	5.12259908452708e+00 	5.12259930448543e+00 	5.12259930448565e+00 	6.23325069821661e+00 	6.23325082831553e+00 	6.23325091817517e+00 	6.23325104827399e+00 	6.23325116996803e+00 	6.23325138992651e+00 	7.34390297222964e+00 	7.34390297222978e+00 	7.34390319218802e+00 	7.34390319218826e+00 	7.34390475145721e+00 	7.34390475145741e+00 	7.34390497141577e+00 	7.34390497141592e+00 	
3.63800241496263e+00 	3.63800263492106e+00 	4.74865437031234e+00 	4.74865437031248e+00 	4.74865459027086e+00 	4.74865459027098e+00 	5.85930598400205e+00 	5.85930611410083e+00 	5.85930620396049e+00 	5.85930633405931e+00 	5.85930645575335e+00 	5.85930667571186e+00 	6.96995825801507e+00 	6.96995825801518e+00 	6.96995847797345e+00 	6.96995847797362e+00 	6.96996003724262e+00 	6.96996003724279e+00 	6.96996025720108e+00 	6.96996025720125e+00 	
3.33195606749964e+00 	3.33195628745814e+00 	4.44260802284936e+00 	4.44260802284953e+00 	4.44260824280780e+00 	4.44260824280803e+00 	5.55325963653899e+00 	5.55325976663790e+00 	5.55325985649755e+00 	5.55325998659639e+00 	5.55326010829033e+00 	5.55326032824882e+00 	6.66391191055198e+00 	6.66391191055222e+00 	6.66391213051045e+00 	6.66391213051065e+00 	6.66391368977960e+00 	6.66391368977980e+00 	6.66391390973816e+00 	6.66391390973833e+00 	
3.07831234276384e+00 	3.07831256272233e+00 	4.18896429811361e+00 	4.18896429811372e+00 	4.18896451807213e+00 	4.18896451807224e+00 	5.29961591180314e+00 	5.29961604190208e+00 	5.29961613176167e+00 	5.29961626186065e+00 	5.29961638355449e+00 	5.29961660351307e+00 	6.41026818581642e+00 	6.41026818581645e+00 	6.41026840577464e+00 	6.41026840577494e+00 	6.41026996504391e+00 	6.41026996504408e+00 	6.41027018500240e+00 	6.41027018500259e+00 	
2.86575643426893e+00 	2.86575665422742e+00 	3.97640838961876e+00 	3.97640838961882e+00 	3.97640860957715e+00 	3.97640860957725e+00 	5.08706000330826e+00 	5.08706013340725e+00 	5.08706022326677e+00 	5.08706035336571e+00 	5.08706047505959e+00 	5.08706069501807e+00 	6.19771227732131e+00 	6.19771227732147e+00 	6.19771249727990e+00 	6.19771249727998e+00 	6.19771405654906e+00 	6.19771405654921e+00 	6.19771427650746e+00 	6.19771427650767e+00 	
2.68587037732162e+00 	2.68587059728002e+00 	3.79652233267134e+00 	3.79652233267154e+00 	3.79652255262979e+00 	3.79652255262993e+00 	4.90717394636091e+00 	4.90717407645997e+00 	4.90717416631944e+00 	4.90717429641837e+00 	4.90717441811225e+00 	4.90717463807078e+00 	5.83630726665199e+00 	5.83630748661042e+00 	6.01782622037397e+00 	6.01782622037406e+00 	6.01782644033240e+00 	6.01782644033257e+00 	6.01782799960178e+00 	6.01782799960182e+00 	
2.53228657897163e+00 	2.53228679893010e+00 	3.64293853432136e+00 	3.64293853432146e+00 	3.64293875427980e+00 	3.64293875427995e+00 	4.75359014801096e+00 	4.75359027810991e+00 	4.75359036796945e+00 	4.75359049806830e+00 	4.75359061976233e+00 	4.75359083972077e+00 	5.37555587160201e+00 	5.37555609156064e+00 	5.86424242202400e+00 	5.86424242202419e+00 	5.86424264198249e+00 	5.86424264198269e+00 	5.86424420125152e+00 	5.86424420125183e+00 	
2.40011646446669e+00 	2.40011668442517e+00 	3.51076841981650e+00 	3.51076841981651e+00 	3.51076863977500e+00 	3.51076863977500e+00 	4.62142003350612e+00 	4.62142016360499e+00 	4.62142025346463e+00 	4.62142038356356e+00 	4.62142050525748e+00 	4.62142072521600e+00 	4.97904552808750e+00 	4.97904574804589e+00 	5.73207230751916e+00 	5.73207230751927e+00 	5.73207252747752e+00 	5.73207252747775e+00 	5.73207408674673e+00 	5.73207408674695e+00 	
2.28555659904262e+00 	2.28555681900119e+00 	3.39620855439242e+00 	3.39620855439246e+00 	3.39620877435088e+00 	3.39620877435101e+00 	4.50686016808200e+00 	4.50686029818099e+00 	4.50686038804059e+00 	4.50686051813949e+00 	4.50686063983338e+00 	4.50686085979189e+00 	4.63536593181541e+00 	4.63536615177384e+00 	5.61751244209500e+00 	5.61751244209527e+00 	5.61751266205360e+00 	5.61751266205375e+00 	5.61751422132269e+00 	5.61751422132294e+00 	
2.18561196769222e+00 	2.18561218765066e+00 	3.29626392304188e+00 	3.29626392304210e+00 	3.29626414300043e+00 	3.29626414300051e+00 	4.33553203776374e+00 	4.33553225772227e+00 	4.40691553673155e+00 	4.40691566683050e+00 	4.40691575669006e+00 	4.40691588678893e+00 	4.40691600848292e+00 	4.40691622844138e+00 	5.44618399311356e+00 	5.44618399311360e+00 	5.44618421307208e+00 	5.44618421307223e+00 	5.51756781074462e+00 	5.51756781074474e+00 	
2.09789821483932e+00 	2.09789843479779e+00 	3.20855017018910e+00 	3.20855017018920e+00 	3.20855039014758e+00 	3.20855039014759e+00 	4.07239077920528e+00 	4.07239099916386e+00 	4.31920178387874e+00 	4.31920191397766e+00 	4.31920200383725e+00 	4.31920213393609e+00 	4.31920225563001e+00 	4.31920247558867e+00 	5.18304273455487e+00 	5.18304273455501e+00 	5.18304295451336e+00 	5.18304295451349e+00 	5.42985405789185e+00 	5.42985405789193e+00 	
2.02049810632232e+00 	2.02049832628087e+00 	3.13115006167216e+00 	3.13115006167224e+00 	3.13115028163063e+00 	3.13115028163067e+00 	3.84019045365442e+00 	3.84019067361295e+00 	4.24180167536184e+00 	4.24180180546073e+00 	4.24180189532027e+00 	4.24180202541918e+00 	4.24180214711315e+00 	4.24180236707164e+00 	4.95084240900407e+00 	4.95084240900411e+00 	4.95084262896251e+00 	4.95084262896267e+00 	5.35245394937473e+00 	5.35245394937498e+00 	
1.95185586541605e+00 	1.95185608537456e+00 	3.06250782076579e+00 	3.06250782076589e+00 	3.06250804072428e+00 	3.06250804072435e+00 	3.63426373093562e+00 	3.63426395089404e+00 	4.17315943445541e+00 	4.17315956455421e+00 	4.17315965441396e+00 	4.17315978451274e+00 	4.17315990620669e+00 	4.17316012616523e+00 	4.74491568628512e+00 	4.74491568628528e+00 	4.74491590624361e+00 	4.74491590624374e+00 	5.28381170846857e+00 	5.28381192842705e+00 	
1.89069837785591e+00 	1.89069859781438e+00 	3.00135033320563e+00 	3.00135033320573e+00 	3.00135055316411e+00 	3.00135055316418e+00 	3.45079126825498e+00 	3.45079148821352e+00 	4.11200194689522e+00 	4.11200207699409e+00 	4.11200216685365e+00 	4.11200229695253e+00 	4.11200241864655e+00 	4.11200263860505e+00 	4.56144322360458e+00 	4.56144322360461e+00 	4.56144344356305e+00 	4.56144344356312e+00 	5.22265422090834e+00 	5.22265444086686e+00 	
1.83597573183483e+00 	1.83597595179331e+00 	2.94662768718454e+00 	2.94662768718470e+00 	2.94662790714306e+00 	2.94662790714318e+00 	3.28662333019184e+00 	3.28662355015036e+00 	4.05727930087421e+00 	4.05727943097295e+00 	4.05727952083267e+00 	4.05727965093148e+00 	4.05727977262542e+00 	4.05727999258397e+00 	4.39727528554145e+00 	4.39727528554156e+00 	4.39727550549988e+00 	4.39727550550002e+00 	5.16793157488728e+00 	5.16793179484572e+00 	
1.78681585484661e+00 	1.78681607480511e+00 	2.89746781019635e+00 	2.89746781019645e+00 	2.89746803015482e+00 	2.89746803015494e+00 	3.13914369922707e+00 	3.13914391918562e+00 	4.00811942388603e+00 	4.00811955398478e+00 	4.00811964384439e+00 	4.00811977394326e+00 	4.00811989563724e+00 	4.00812011559584e+00 	4.24979565457670e+00 	4.24979565457691e+00 	4.24979587453522e+00 	4.24979587453541e+00 	5.11877169789905e+00 	5.11877191785753e+00 	
1.74248955328820e+00 	1.74248977324678e+00 	2.85314150863805e+00 	2.85314150863807e+00 	2.85314172859652e+00 	2.85314172859655e+00 	3.00616479455213e+00 	3.00616501451068e+00 	3.96379312232766e+00 	3.96379325242647e+00 	3.96379334228607e+00 	3.96379347238494e+00 	3.96379359407900e+00 	3.96379381403740e+00 	4.11681674990180e+00 	4.11681674990194e+00 	4.11681696986029e+00 	4.11681696986042e+00 	5.07444539634075e+00 	5.07444561629923e+00 	
