1.000000e+01 	 6.936539e+00 	 6.936539e+00 	 1.376677e-13 	 inf
1.000000e+01 	 6.936019e+00 	 6.938218e+00 	 2.199585e-03 	 3.800000e-01
1.000000e+01 	 6.936658e+00 	 6.941057e+00 	 4.399170e-03 	 3.800000e-01
1.000000e+01 	 6.938455e+00 	 6.945054e+00 	 6.598754e-03 	 3.800000e-01
1.000000e+01 	 6.941410e+00 	 6.950208e+00 	 8.798339e-03 	 3.800000e-01
1.000000e+01 	 6.945519e+00 	 6.956517e+00 	 1.099792e-02 	 3.800000e-01
1.000000e+01 	 6.950781e+00 	 6.963978e+00 	 1.319751e-02 	 3.800000e-01
1.000000e+01 	 6.957191e+00 	 6.972588e+00 	 1.539709e-02 	 3.800000e-01
1.000000e+01 	 6.964747e+00 	 6.982344e+00 	 1.759668e-02 	 3.800000e-01
1.000000e+01 	 6.973444e+00 	 6.993240e+00 	 1.979626e-02 	 3.800000e-01
1.000000e+01 	 6.983276e+00 	 7.005272e+00 	 2.199585e-02 	 3.800000e-01
1.000000e+01 	 6.994239e+00 	 7.018434e+00 	 2.419543e-02 	 3.800000e-01
1.000000e+01 	 7.006327e+00 	 7.032722e+00 	 2.639502e-02 	 3.800000e-01
1.000000e+01 	 7.019532e+00 	 7.048127e+00 	 2.859460e-02 	 3.800000e-01
1.000000e+01 	 7.033849e+00 	 7.064643e+00 	 3.079419e-02 	 3.800000e-01
1.000000e+01 	 7.049269e+00 	 7.082263e+00 	 3.299377e-02 	 3.800000e-01
1.000000e+01 	 7.065785e+00 	 7.100978e+00 	 3.519336e-02 	 3.800000e-01
1.000000e+01 	 7.083388e+00 	 7.120781e+00 	 3.739294e-02 	 3.800000e-01
1.000000e+01 	 7.102069e+00 	 7.141662e+00 	 3.959253e-02 	 3.800000e-01
1.000000e+01 	 7.121820e+00 	 7.163612e+00 	 4.179211e-02 	 3.800000e-01
1.000000e+01 	 7.142631e+00 	 7.186622e+00 	 4.399170e-02 	 3.800000e-01
1.000000e+01 	 7.164491e+00 	 7.210682e+00 	 4.619128e-02 	 3.800000e-01
1.000000e+01 	 7.187390e+00 	 7.235781e+00 	 4.839087e-02 	 3.800000e-01
1.000000e+01 	 7.211317e+00 	 7.261908e+00 	 5.059045e-02 	 3.800000e-01
1.000000e+01 	 7.236262e+00 	 7.289052e+00 	 5.279004e-02 	 3.800000e-01
1.000000e+01 	 7.262214e+00 	 7.317203e+00 	 5.498962e-02 	 3.800000e-01
1.000000e+01 	 7.289159e+00 	 7.346349e+00 	 5.718921e-02 	 3.800000e-01
1.000000e+01 	 7.317088e+00 	 7.376477e+00 	 5.938879e-02 	 3.800000e-01
1.000000e+01 	 7.345987e+00 	 7.407575e+00 	 6.158838e-02 	 3.800000e-01
1.000000e+01 	 7.375844e+00 	 7.439632e+00 	 6.378796e-02 	 3.800000e-01
1.000000e+01 	 7.406648e+00 	 7.472635e+00 	 6.598754e-02 	 3.800000e-01
1.000000e+01 	 7.438384e+00 	 7.506571e+00 	 6.818713e-02 	 3.800000e-01
1.000000e+01 	 7.471040e+00 	 7.541427e+00 	 7.038671e-02 	 3.800000e-01
1.000000e+01 	 7.504605e+00 	 7.577191e+00 	 7.258630e-02 	 3.800000e-01
1.000000e+01 	 7.539063e+00 	 7.613849e+00 	 7.478588e-02 	 3.800000e-01
1.000000e+01 	 7.574402e+00 	 7.651388e+00 	 7.698547e-02 	 3.800000e-01
1.000000e+01 	 7.610610e+00 	 7.689795e+00 	 7.918505e-02 	 3.800000e-01
1.000000e+01 	 7.647672e+00 	 7.729056e+00 	 8.138464e-02 	 3.800000e-01
1.000000e+01 	 7.685575e+00 	 7.769159e+00 	 8.358422e-02 	 3.800000e-01
1.000000e+01 	 7.724306e+00 	 7.810090e+00 	 8.578381e-02 	 3.800000e-01
1.000000e+01 	 7.763852e+00 	 7.851836e+00 	 8.798339e-02 	 3.800000e-01
1.000000e+01 	 7.804200e+00 	 7.894382e+00 	 9.018298e-02 	 3.800000e-01
1.000000e+01 	 7.845335e+00 	 7.937717e+00 	 9.238256e-02 	 3.800000e-01
1.000000e+01 	 7.887244e+00 	 7.981826e+00 	 9.458215e-02 	 3.800000e-01
1.000000e+01 	 7.929915e+00 	 8.026697e+00 	 9.678173e-02 	 3.800000e-01
1.000000e+01 	 7.973334e+00 	 8.072316e+00 	 9.898132e-02 	 3.800000e-01
1.000000e+01 	 8.017488e+00 	 8.118669e+00 	 1.011809e-01 	 3.800000e-01
1.000000e+01 	 8.062365e+00 	 8.165745e+00 	 1.033805e-01 	 3.800000e-01
1.000000e+01 	 8.107950e+00 	 8.213530e+00 	 1.055801e-01 	 3.800000e-01
1.000000e+01 	 8.154231e+00 	 8.262011e+00 	 1.077797e-01 	 3.800000e-01
1.000000e+01 	 8.201196e+00 	 8.311176e+00 	 1.099792e-01 	 3.800000e-01
1.000000e+01 	 8.248832e+00 	 8.361011e+00 	 1.121788e-01 	 3.800000e-01
1.000000e+01 	 8.297126e+00 	 8.411505e+00 	 1.143784e-01 	 3.800000e-01
1.000000e+01 	 8.346067e+00 	 8.462645e+00 	 1.165780e-01 	 3.800000e-01
1.000000e+01 	 8.395641e+00 	 8.514419e+00 	 1.187776e-01 	 3.800000e-01
1.000000e+01 	 8.445837e+00 	 8.566815e+00 	 1.209772e-01 	 3.800000e-01
1.000000e+01 	 8.496643e+00 	 8.619820e+00 	 1.231768e-01 	 3.800000e-01
1.000000e+01 	 8.548048e+00 	 8.673424e+00 	 1.253763e-01 	 3.800000e-01
1.000000e+01 	 8.600039e+00 	 8.727615e+00 	 1.275759e-01 	 3.800000e-01
1.000000e+01 	 8.652605e+00 	 8.782380e+00 	 1.297755e-01 	 3.800000e-01
1.000000e+01 	 8.705735e+00 	 8.837710e+00 	 1.319751e-01 	 3.800000e-01
1.000000e+01 	 8.759418e+00 	 8.893593e+00 	 1.341747e-01 	 3.800000e-01
1.000000e+01 	 8.813643e+00 	 8.950018e+00 	 1.363743e-01 	 3.800000e-01
1.000000e+01 	 8.868400e+00 	 9.006974e+00 	 1.385738e-01 	 3.800000e-01
1.000000e+01 	 8.923677e+00 	 9.064450e+00 	 1.407734e-01 	 3.800000e-01
1.000000e+01 	 8.979465e+00 	 9.122438e+00 	 1.429730e-01 	 3.800000e-01
1.000000e+01 	 9.035752e+00 	 9.180925e+00 	 1.451726e-01 	 3.800000e-01
1.000000e+01 	 9.092530e+00 	 9.239902e+00 	 1.473722e-01 	 3.800000e-01
1.000000e+01 	 9.149788e+00 	 9.299360e+00 	 1.495718e-01 	 3.800000e-01
1.000000e+01 	 9.207517e+00 	 9.359289e+00 	 1.517714e-01 	 3.800000e-01
1.000000e+01 	 9.265707e+00 	 9.419678e+00 	 1.539709e-01 	 3.800000e-01
1.000000e+01 	 9.324349e+00 	 9.480520e+00 	 1.561705e-01 	 3.800000e-01
1.000000e+01 	 9.383434e+00 	 9.541804e+00 	 1.583701e-01 	 3.800000e-01
1.000000e+01 	 9.442953e+00 	 9.603523e+00 	 1.605697e-01 	 3.800000e-01
1.000000e+01 	 9.502897e+00 	 9.665666e+00 	 1.627693e-01 	 3.800000e-01
1.000000e+01 	 9.563257e+00 	 9.728226e+00 	 1.649689e-01 	 3.800000e-01
1.000000e+01 	 9.624025e+00 	 9.791193e+00 	 1.671684e-01 	 3.800000e-01
1.000000e+01 	 9.685193e+00 	 9.854561e+00 	 1.693680e-01 	 3.800000e-01
1.000000e+01 	 9.746753e+00 	 9.918320e+00 	 1.715676e-01 	 3.800000e-01
1.000000e+01 	 9.808696e+00 	 9.982463e+00 	 1.737672e-01 	 3.800000e-01
1.000000e+01 	 9.871016e+00 	 1.004698e+01 	 1.759668e-01 	 3.800000e-01
1.000000e+01 	 9.933703e+00 	 1.011187e+01 	 1.781664e-01 	 3.800000e-01
1.000000e+01 	 9.996752e+00 	 1.017712e+01 	 1.803660e-01 	 3.800000e-01
1.000000e+01 	 1.006015e+01 	 1.024272e+01 	 1.825655e-01 	 3.800000e-01
1.000000e+01 	 1.012390e+01 	 1.030867e+01 	 1.847651e-01 	 3.800000e-01
1.000000e+01 	 1.018799e+01 	 1.037496e+01 	 1.869647e-01 	 3.800000e-01
1.000000e+01 	 1.025241e+01 	 1.044158e+01 	 1.891643e-01 	 3.800000e-01
1.000000e+01 	 1.031716e+01 	 1.050852e+01 	 1.913639e-01 	 3.800000e-01
1.000000e+01 	 1.038223e+01 	 1.057579e+01 	 1.935635e-01 	 3.800000e-01
1.000000e+01 	 1.044761e+01 	 1.064337e+01 	 1.957630e-01 	 3.800000e-01
1.000000e+01 	 1.051329e+01 	 1.071126e+01 	 1.979626e-01 	 3.800000e-01
1.000000e+01 	 1.057928e+01 	 1.077944e+01 	 2.001622e-01 	 3.800000e-01
1.000000e+01 	 1.064556e+01 	 1.084793e+01 	 2.023618e-01 	 3.800000e-01
1.000000e+01 	 1.071213e+01 	 1.091670e+01 	 2.045614e-01 	 3.800000e-01
1.000000e+01 	 1.077899e+01 	 1.098575e+01 	 2.067610e-01 	 3.800000e-01
1.000000e+01 	 1.084612e+01 	 1.105508e+01 	 2.089606e-01 	 3.800000e-01
1.000000e+01 	 1.091352e+01 	 1.112468e+01 	 2.111601e-01 	 3.800000e-01
1.000000e+01 	 1.098119e+01 	 1.119455e+01 	 2.133597e-01 	 3.800000e-01
1.000000e+01 	 1.104913e+01 	 1.126469e+01 	 2.155593e-01 	 3.800000e-01
1.000000e+01 	 1.111732e+01 	 1.133507e+01 	 2.177589e-01 	 3.800000e-01
